=== costheta bin 0.0-1.0 ===
For each bin: first 23 entries are fitted EFT parameters, next 23 are their uncertainties.
0.0018531689509723524 0.006503383747148925 0.001218891770196502 0.0017969842146754128 0.009536109487811681 -0.006907064935885769 -0.0029988499198808755 0.005650694374537807 0.006816325519738943 0.015737976314289696 -0.0035860175204165236 -0.008283206866180821 0.002949154545168661 0.006831717766986288 0.008290548504468311 -7.61079881831618e-06 1.7072597173456107e-05 3.821555823552416e-05 2.544287505467019e-05 -4.051119008816233e-05 8.102480594436779e-05 3.992765479546105e-05 9.87974620268195e-05 3.058803117354409e-06 1.3677511121332893e-05 1.2785063730814167e-06 1.4911329636638816e-06 1.778566422767656e-05 1.148988625843081e-05 3.7720253726149313e-06 7.0704990439329775e-06 8.168826854092706e-06 2.508836050789476e-05 5.469665944951468e-06 1.2736792237925849e-05 2.365407112454373e-06 7.736979013612292e-06 9.184616722512482e-06 4.282148019698564e-06 9.738453615585973e-06 4.266524361903714e-06 1.1846136335736008e-05 2.738350860846703e-06 4.193111898665591e-06 1.8993566983915097e-06 6.016487722265649e-06
0.002913809571719825 0.010504060656410186 0.0014587361817785828 0.002036749420445388 0.014682858368881052 -0.011005960888433808 -0.00410363717519236 0.007830126124083464 0.009217329532538876 0.024791075753529537 -0.004775405838339401 -0.01289335838792246 0.003436495640353331 0.0092295695025957 0.010928771136874007 -3.0596409634989804e-05 5.913158183225505e-05 6.525447605428026e-05 5.5147587430325925e-05 -5.964868819367237e-05 0.0001135356050900787 5.410551689977919e-05 0.0001462546064732951 3.827423224804849e-06 1.7476652668074076e-05 1.410727316777685e-06 1.606329525762111e-06 2.2330609857079297e-05 1.4220243045950793e-05 4.290173013167402e-06 8.237517027600565e-06 9.013376714420983e-06 3.107632747019256e-05 6.0230617805108784e-06 1.5869472951323236e-05 2.558059381570549e-06 8.827653745667129e-06 1.0303471702325406e-05 5.419836705064212e-06 1.1977105367820562e-05 4.575337970663843e-06 1.4774838778316481e-05 3.4272224142797663e-06 5.5147812467465054e-06 2.0266348667181076e-06 7.447585538384268e-06
0.0034858796427897497 0.012730777139623865 0.0012684405450461098 0.0016275435934425169 0.016290548162321707 -0.013252708943286142 -0.004179137095573057 0.008018308357513453 0.009045578044825364 0.02868129371407311 -0.0046643486656054835 -0.014806315948217736 0.002862977546681115 0.009050706482365908 0.010285679392665814 -1.7434786456273294e-05 3.2668286589652664e-05 5.601525458872506e-05 3.841101146367027e-05 -6.687303341020839e-05 0.0001284226638911692 4.692519773375852e-05 0.00014400334982368496 4.241025439656369e-06 1.9407909784100624e-05 1.34122555439679e-06 1.4549812595084228e-06 2.3475727732611888e-05 1.535399448649701e-05 4.254530262365727e-06 8.186819110850634e-06 8.627252956777472e-06 3.378158832056545e-05 5.7246552420095245e-06 1.6656190816782664e-05 2.34670875639714e-06 8.693365312188367e-06 9.759645918178174e-06 5.829737478326688e-06 1.3528079438517577e-05 4.24128583766812e-06 1.5008154097519138e-05 3.4848480714541804e-06 6.381480888862718e-06 1.8410692996077658e-06 7.6067780206424966e-06
0.00404185673676148 0.014683144914330967 0.0010783739855900712 0.0012378274806296794 0.016837834933261065 -0.015343538240093131 -0.004152683569653166 0.007953406427931723 0.008478456939589514 0.03131568297230993 -0.004374138205828085 -0.016212525948388925 0.0023005887685777515 0.008479838950885677 0.009124508107530066 -3.30102771869519e-05 6.082422303042069e-05 5.621711131655369e-05 5.791411256617431e-05 -7.45328778486276e-05 0.00014856989148577385 4.387986326573512e-05 0.00015919060931032152 4.552242841285806e-06 2.0409448200416136e-05 1.2352757828211293e-06 1.275284254342011e-06 2.3676759258299686e-05 1.627346225482741e-05 4.238524083093401e-06 7.958201873986961e-06 8.089983021417147e-06 3.519762941642329e-05 5.46345217098686e-06 1.7340825587292415e-05 2.1064645593585198e-06 8.289524071603391e-06 9.010939145963118e-06 6.0966865826866805e-06 1.3398601694785799e-05 3.937247123241741e-06 1.4601456335766026e-05 3.5563465098213062e-06 6.091873299842658e-06 1.6870589542846197e-06 7.620903587832057e-06
0.0049744777137525195 0.01729495772490251 0.0009551666403186616 0.0009306200036210859 0.01678443625966483 -0.018473443934693044 -0.00433649314447047 0.008123094192016546 0.007970624221112709 0.03391790066849111 -0.004212620092900806 -0.017967941126426284 0.0018763726503284882 0.007971733947727674 0.007899804004411844 -2.4763528462110646e-05 4.2431409727177134e-05 4.801235886292499e-05 5.8699537890423054e-05 -9.163035862077942e-05 0.0001658858208831903 4.109226955250146e-05 0.00017810559708919007 5.05679334711118e-06 2.2038060794324817e-05 1.1916830412564229e-06 1.1203716078315804e-06 2.393347355256201e-05 1.7579605079370772e-05 4.385637372103049e-06 8.054778621653232e-06 7.841669962074053e-06 3.6883557420384704e-05 5.322800867857021e-06 1.817334292377198e-05 1.9566188278473042e-06 8.236427079123848e-06 8.417818165881037e-06 6.718200549712224e-06 1.4022419147936258e-05 3.512859924152749e-06 1.4697227370480015e-05 3.889544909609475e-06 6.1824427487218965e-06 1.5052852749949223e-06 7.550336019162834e-06
0.006611670405913288 0.02138391268135539 0.0009102791871724594 0.000697176092991389 0.016401274533545767 -0.023623248804446446 -0.004870846167310338 0.008815878505703617 0.007637163230148643 0.037124905517929116 -0.0041443876729880215 -0.020220782359305987 0.0015784423919165784 0.007660145836432631 0.006764273127780042 -3.5735495882716036e-05 7.80629351632919e-05 4.9368075739014296e-05 6.621106402053703e-05 -8.802610002403513e-05 0.00017022028299191902 3.2879589850508336e-05 0.00015697675176473672 5.869096449424361e-06 2.4797669235172955e-05 1.2213532456598022e-06 1.0158962249363305e-06 2.4059403170332905e-05 2.0177353087314242e-05 4.7538980187114185e-06 8.607391734442943e-06 8.072870821082634e-06 3.976961661788292e-05 5.672129528962344e-06 2.051742492096296e-05 1.8971483850423964e-06 8.527662353489276e-06 7.787649046235707e-06 7.921878142802565e-06 1.5940142546183865e-05 3.3611751159354472e-06 1.5097562308564955e-05 4.32956429040353e-06 7.331783290745788e-06 1.3785244312175306e-06 6.682391191667412e-06
0.006801500722390108 0.023114645649345372 0.0007635159082383043 0.0005248055769884431 0.015765099838629167 -0.024705526749851547 -0.004487946255051518 0.008401937004339995 0.006780567118957892 0.037203534353958304 -0.003473234835823874 -0.019124172838798872 0.001234085450786184 0.006767159404961758 0.005748067823420296 -3.4120550491128266e-05 6.715533255421792e-05 4.079661015601655e-05 4.679711701336359e-05 -9.439160516887969e-05 0.00018651123809213118 2.7727122838427155e-05 0.00015333860618541205 6.0763367310655105e-06 2.6227002478495028e-05 1.1506505990939816e-06 9.340881986486358e-07 2.4465491469030546e-05 2.120574383571669e-05 4.743288390849588e-06 8.729442160144142e-06 8.111491568208953e-06 4.157176058272145e-05 5.672593779487749e-06 2.2021070307469195e-05 1.7663567774733006e-06 8.646733110827334e-06 7.701860882825179e-06 8.221916139344222e-06 1.7092240859387904e-05 3.328228675635022e-06 1.6257181416547743e-05 4.859534262213044e-06 7.879003738426881e-06 1.2723217754093359e-06 6.552264362927157e-06
0.006194172910304002 0.02296798979415948 0.0006049299398312297 0.00039625742808116655 0.015049893616720336 -0.02326285644847013 -0.003772968981319515 0.007456532434046634 0.005713539215071143 0.035210507676297756 -0.0026737374894145035 -0.0165063765221033 0.0009273285620874069 0.005713100069144677 0.0048761579602893766 -8.768574306313273e-06 3.4425016252317434e-05 3.0675278565562456e-05 4.323388874827957e-05 -7.727200544150139e-05 0.00016485795819615122 2.2776452399508002e-05 0.00013982818595981595 5.928840227465689e-06 2.6758609383480387e-05 1.0685114567548799e-06 8.678700813322476e-07 2.477434510849182e-05 2.1345658866636515e-05 4.5710466014661425e-06 8.709500334120796e-06 8.054393465005965e-06 4.2120606947037575e-05 5.49869997352779e-06 2.246534255375885e-05 1.634528359228299e-06 8.64403458544621e-06 7.522374174164958e-06 8.046714694644826e-06 1.7736693104150036e-05 3.1607564532722074e-06 1.714084670222003e-05 4.957839568286607e-06 8.109774016394845e-06 1.1790673448986261e-06 7.09128824415653e-06
0.005358094412775656 0.02193805220885901 0.00046722745902906825 0.00030451447048078365 0.014296700613399303 -0.020938777980281383 -0.003055045308249674 0.006398685270129448 0.0047260350767577685 0.03237492910961474 -0.0019903625793096166 -0.013673770478854791 0.0006894105949291528 0.004721235571815812 0.004172058923522631 -1.541440069165708e-05 4.990031508530461e-05 2.84390629841391e-05 4.870891907114856e-05 -6.149537873615513e-05 0.00014872899267061624 1.9328474555209204e-05 0.0001262867992905766 5.613263147370007e-06 2.668106062525134e-05 9.894603378104517e-07 8.130981040883893e-07 2.481979183527495e-05 2.0815405353515615e-05 4.279986156700939e-06 8.43646867558955e-06 7.814279698426507e-06 4.1776460648515515e-05 5.235444900659586e-06 2.2275135970631187e-05 1.5485133584736247e-06 8.365876217810616e-06 7.21473298146579e-06 7.642572912028896e-06 1.7568209823196705e-05 3.0076115964112586e-06 1.7041876036247546e-05 4.779142884918274e-06 8.059719252106523e-06 1.0984396018667954e-06 7.513959395070068e-06
0.00452439664858343 0.020424504688656784 0.00035755092184762107 0.00023740878297672272 0.01354191798574707 -0.01838551619036185 -0.002435869345852645 0.005391529193838607 0.003859677749047917 0.029154149972531324 -0.0014658183756885053 -0.011058583776204245 0.0005115226963437351 0.0038528205707004243 0.0035894264361436604 -1.1815438266013072e-05 3.584760427247144e-05 2.243298229189924e-05 2.2756171532412593e-05 -5.2335298931653736e-05 0.00012387814022745317 1.6847797620607434e-05 0.00012286523840486244 5.2441795563255746e-06 2.619992904830713e-05 9.409145696337532e-07 7.653944175190939e-07 2.4551830755792025e-05 1.999195597246087e-05 4.015146269270038e-06 8.044918273754629e-06 7.521673773905448e-06 4.097303642870159e-05 4.92934499332393e-06 2.1680789869142192e-05 1.4594604568240539e-06 8.066238688929897e-06 7.0619734695338236e-06 7.169955384096793e-06 1.7093724769119897e-05 2.9106420739809804e-06 1.688974863122465e-05 4.551649159232525e-06 7.920311733943513e-06 1.0236437826117819e-06 7.644157789020807e-06
0.003749755501325288 0.018644933949945076 0.0002692458955886433 0.00018402889361729104 0.012845543352759935 -0.01585270420024706 -0.0019043154563829314 0.004476050494897827 0.0030966272362205637 0.0259338607372336 -0.0010414246256822781 -0.008744740407279978 0.00037303245723069263 0.0031208656777065623 0.003075120419053907 -1.9586884570104283e-05 4.594068019059132e-05 1.3093885168518685e-05 2.7957105846098745e-05 -3.895426836380677e-05 0.00011288200951468547 1.2132262045024206e-05 0.00011480065773204399 4.8523147325905325e-06 2.5367169341316116e-05 8.970337929494197e-07 7.171553053449504e-07 2.4151448035935754e-05 1.8960517054097547e-05 3.731453560291978e-06 7.626229765317462e-06 7.171354349278929e-06 4.0196200631893524e-05 4.60560014279073e-06 2.093991562886039e-05 1.3638536699155418e-06 7.842541156670946e-06 6.893602784428427e-06 6.697708399062177e-06 1.66026573944435e-05 2.736282324075741e-06 1.6905592606538702e-05 4.2975992740148644e-06 7.740498017066902e-06 9.671988034003154e-07 7.634569534459148e-06
0.0030885845062063075 0.016956296135405977 0.00020610986386416523 0.00014486367235421 0.012146528118742042 -0.013623610137223064 -0.0014977044691206365 0.0037297036395913755 0.0025075766996386344 0.022955654495393264 -0.0007441498477672196 -0.006854603571401644 0.00027703893203753364 0.0025296170284534124 0.0026525980951725005 -1.349724336006283e-05 2.4482772199310846e-05 1.426574025440644e-05 5.316873622364611e-05 -3.689870361244884e-05 0.00010162921235036648 1.1259845433334365e-05 0.00011078646841769376 4.469097115729641e-06 2.4395771543064202e-05 8.397926855605588e-07 6.663459299967743e-07 2.360694181201727e-05 1.783111288196412e-05 3.4239014420451323e-06 7.196724643839675e-06 6.798119668465829e-06 3.9198311502014355e-05 4.2365570430039086e-06 1.995367425711531e-05 1.2481134260733744e-06 7.540742666893873e-06 6.664450057596093e-06 6.209942958285324e-06 1.5940610825989764e-05 2.5490795010634376e-06 1.6575430443646025e-05 4.024351377376221e-06 7.456568303893524e-06 9.060476489184082e-07 7.594549046069192e-06
0.002512254545602094 0.015191878054740602 0.00015435968488415662 0.00011542734145857056 0.011498408803650339 -0.011541092051657644 -0.0011613721500830449 0.0030553679771278767 0.002014732113539499 0.02007265502202814 -0.0005278885597043109 -0.005280314293763776 0.00020302761692454378 0.002018437258772127 0.0023025619626465994 -6.5031463204671725e-06 2.7292135670412647e-05 1.2429800105184474e-05 2.9032160090220136e-05 -2.024680113779946e-05 9.30827610755299e-05 1.1687614340036735e-05 0.00011238425874950563 4.099838770000797e-06 2.3298611679905992e-05 7.788615576821504e-07 6.179160486377104e-07 2.3062661341796888e-05 1.677684829919108e-05 3.146929761834553e-06 6.783970631897362e-06 6.431682613285683e-06 3.7938487525589684e-05 3.9175484327970865e-06 1.8888798519238057e-05 1.1461449558071066e-06 7.2435089783472e-06 6.471150635966285e-06 5.768491409723e-06 1.5225070947399317e-05 2.3595868932515354e-06 1.6132172968359193e-05 3.7832609460628404e-06 7.195597606408016e-06 8.508591560404485e-07 7.442393674431764e-06
0.0020375433190336256 0.01355949928652104 0.00011666087029986382 9.086585002344642e-05 0.010801015877081557 -0.009754189656503287 -0.0009021651423141645 0.002510464840484181 0.001609788058141071 0.01745274337896392 -0.0003680269353044997 -0.0040069794893590254 0.0001486517317901208 0.001620466027497856 0.0019897098331672024 -6.629518012145928e-06 2.9869767936301587e-05 9.702987539400298e-06 2.5523204782665617e-05 -1.587702558196459e-05 7.798164881852394e-05 9.4354002866375e-06 0.0001039061485749891 3.737203908964495e-06 2.2132999519499757e-05 7.065800729019187e-07 5.664138608319879e-07 2.2324658594811728e-05 1.5686906847029217e-05 2.8530719986395384e-06 6.376368908843801e-06 6.0257762684244404e-06 3.649006641620576e-05 3.5723799026631104e-06 1.7793793866416754e-05 1.0299517173439525e-06 6.866276937415283e-06 6.170849208976149e-06 5.3249582820948346e-06 1.4381689865452e-05 2.18706368955799e-06 1.5458365684241477e-05 3.5109711173479345e-06 6.817378468179585e-06 7.919393753368409e-07 7.172603569969615e-06
0.0016635484706544253 0.012042549915646109 8.638198375991034e-05 7.279450193930908e-05 0.010128738625179285 -0.00823721470780753 -0.0006979667945913858 0.002040361010767951 0.001279424977053417 0.015033839245661554 -0.0002476912014603653 -0.0029504342110811092 0.0001079908640574427 0.0012712184826048013 0.0017189947550953649 -7.769075505703011e-06 2.6109773008450392e-05 8.320430295156782e-06 6.336638512124518e-06 -1.373848471302808e-05 7.464091268996719e-05 8.599839188645774e-06 9.643407069514809e-05 3.4220812648357382e-06 2.102604783521469e-05 6.531286244300115e-07 5.203649817749214e-07 2.1599045856219942e-05 1.4687332514614986e-05 2.6177530994540033e-06 5.97211789299019e-06 5.651300358087059e-06 3.5034556020204275e-05 3.280573822460784e-06 1.6785842568468852e-05 9.438941560755821e-07 6.547533475439664e-06 5.9399225271236776e-06 4.921875642045365e-06 1.3618922973081693e-05 2.0039230316964565e-06 1.4792964669594526e-05 3.232633384499431e-06 6.482948855561344e-06 7.508502500492952e-07 6.9880064638558236e-06
0.0013515011917422902 0.01072412395638904 6.645500264710636e-05 5.8451915925372696e-05 0.00954064709912683 -0.006983060276073903 -0.0005470001073230952 0.0016862048105074842 0.0010300117926389186 0.013063565869580148 -0.00017114444316806038 -0.0021869787157610685 8.056899660994118e-05 0.0010233700054305796 0.001501580871143481 1.4104524634273003e-06 5.715541982082562e-06 8.20304341009296e-06 -2.454248942933341e-06 -2.587459856718031e-06 5.995613680404683e-05 7.04433156620954e-06 7.958422477543678e-05 3.12996472784853e-06 1.997072233424809e-05 6.206278905895386e-07 4.784641058243521e-07 2.093054987613725e-05 1.3800444399560525e-05 2.4421631184788954e-06 5.6277501871093185e-06 5.3399529466178215e-06 3.364992791405226e-05 3.031687949703152e-06 1.583954628119298e-05 8.797472109400949e-07 6.2645633519818305e-06 5.684022096581706e-06 4.57109689242037e-06 1.2918833538553473e-05 1.8581911251572533e-06 1.4144907784940033e-05 3.0408237693840078e-06 6.176890711958311e-06 7.24860215760691e-07 6.753927104117149e-06
0.0010948094030140175 0.009506782559319069 5.005883223496003e-05 4.79340019149374e-05 0.00901490591653908 -0.005842877974722048 -0.0004243567318238261 0.001379287554816668 0.0008252343606851319 0.011276118937529443 -0.00011368542156439947 -0.0015290683398997782 6.002747287039036e-05 0.0008164709965606778 0.001316204612669287 -1.0958070923870664e-06 1.159419512208859e-05 1.628536833889732e-06 1.354793067632455e-05 -2.6806670835613762e-08 3.537719434489912e-05 5.045138682831442e-06 7.776486313336054e-05 2.8631186373466392e-06 1.8952111147083823e-05 5.898207214757755e-07 4.5722755012460525e-07 2.0294712343680363e-05 1.2957660074451337e-05 2.2642622848990887e-06 5.302583565689359e-06 5.045243672409219e-06 3.233126787993606e-05 2.882409533657108e-06 1.495976657053986e-05 8.506771085493375e-07 6.010410172542552e-06 5.470401657399563e-06 4.193722133751211e-06 1.2205414152200567e-05 1.772194605761764e-06 1.3585316599830548e-05 2.780151336401381e-06 5.8649773940184235e-06 6.804538300357007e-07 6.531207841481612e-06
0.0008974589001186634 0.008424392555083572 3.8987575818091286e-05 3.8753171511470295e-05 0.008531064958682041 -0.004945070255788192 -0.000337446259361108 0.0011523587474721205 0.0006687359055222552 0.009794530450721503 -7.359881311593688e-05 -0.0010819237140222984 4.464343202800056e-05 0.0006660088434300382 0.0011520626688042508 -1.5110802432329966e-06 1.5596785254041093e-05 4.730390272754998e-06 9.772711048331089e-06 -1.1617940970261783e-06 3.860180371151573e-05 5.198464038701682e-06 7.829048584093583e-05 2.622679294806312e-06 1.7974808790021116e-05 5.582109399072797e-07 4.262100597396203e-07 1.967402572504716e-05 1.2174425577579576e-05 2.1046540053090072e-06 5.018389072609648e-06 4.765291942499893e-06 3.103644592634146e-05 2.7078715324724208e-06 1.414291919514973e-05 8.029552160739794e-07 5.760499797856579e-06 5.2827629497911845e-06 3.927799587133231e-06 1.1651512326549216e-05 1.6518879036546034e-06 1.295974236189794e-05 2.605312485025443e-06 5.602456471071501e-06 6.454802728644395e-07 6.303911536605766e-06
0.0007385000012308606 0.007489048237270709 3.154297923208199e-05 3.302081923773687e-05 0.008055215486486259 -0.004209776599439442 -0.00027091588627172023 0.0009572955711010519 0.0005369845888518165 0.008425183346736514 -5.049503706173601e-05 -0.0007496261438451255 3.580202749710356e-05 0.0005506086224273229 0.0010252473814500252 4.1695550149773015e-07 3.0065505632257623e-06 1.4413576776376366e-06 8.598030265043057e-06 -2.488258553848626e-06 3.2201898561325545e-05 3.926696760274536e-06 7.015156705147975e-05 2.421751437019386e-06 1.7079492628532484e-05 5.260315636194408e-07 4.021599807050434e-07 1.905873181771699e-05 1.1406472033188013e-05 1.9563315440626037e-06 4.74115088307483e-06 4.488914481071221e-06 2.9807672346308227e-05 2.5531555151874014e-06 1.3408014914790947e-05 7.659697833989675e-07 5.523267410674687e-06 5.093631241786926e-06 3.6569331448301165e-06 1.1048248934546936e-05 1.5748230508562177e-06 1.247255166346438e-05 2.4516751915699728e-06 5.2628912316044e-06 6.269040825129113e-07 6.117832218898065e-06
0.0006077529816293242 0.0066355787444735605 2.3180104694297934e-05 2.6967229661135908e-05 0.007624561491697133 -0.0035615529456764767 -0.00021135855409331458 0.0007901671027783203 0.00043795280142603765 0.007287736880799728 -2.7984852780453226e-05 -0.0004438399510592748 2.5817116946489643e-05 0.00043751531672038514 0.0009097386170254536 -1.2949911636672145e-06 4.438000889105836e-06 2.643163047286405e-06 -2.5707322857655233e-06 -3.529681369974146e-06 3.4530614966969265e-05 4.262094698116814e-06 6.635452268930787e-05 2.2214164717832625e-06 1.616421590286149e-05 4.821129868921362e-07 3.6615147746154136e-07 1.842188316062333e-05 1.065164265232297e-05 1.7990541767615625e-06 4.446535310953984e-06 4.209144253489487e-06 2.8498889672201138e-05 2.351864557858491e-06 1.2650681258716463e-05 6.946107144605495e-07 5.232511593678233e-06 4.87386494839158e-06 3.3503941619042086e-06 1.0467659587282638e-05 1.4414212309948444e-06 1.1871075018141178e-05 2.2189851104435787e-06 4.964657870709407e-06 5.846100057554948e-07 5.867626204715333e-06
0.0005036499599548614 0.005894698400510195 1.87941443001988e-05 2.2400814464214275e-05 0.0071887168228542304 -0.0030365653149224073 -0.0001709215185259089 0.0006605887253816377 0.00035174634368443877 0.0062963784660154684 -1.5088512983318091e-05 -0.0002451951733694512 1.9986720312436896e-05 0.0003503250662104947 0.0008027640431453369 -1.2769130564568027e-06 1.4400540428545135e-05 8.104795130363874e-07 1.4095001455922815e-05 -8.556704353559122e-07 3.1489828684548834e-05 3.2333647262042505e-06 6.545280580096919e-05 2.058677961055443e-06 1.5341359947603073e-05 4.5571032310479275e-07 3.448836962696482e-07 1.7821344286551644e-05 1.0036223084377169e-05 1.6730631002820422e-06 4.225220087379139e-06 3.971193645021537e-06 2.734911593657818e-05 2.2154837734885547e-06 1.2010355009955293e-05 6.590516017956104e-07 5.0271751993004894e-06 4.682978116976066e-06 3.1554874742095706e-06 9.964687604103226e-06 1.3634487577431838e-06 1.1430132953014494e-05 2.128308563212423e-06 4.686936241228734e-06 5.468485880084088e-07 5.65730604032381e-06
0.0004172206786101887 0.005232142726860691 1.4380812602475215e-05 1.811228605434487e-05 0.006807328555841471 -0.002587853835361298 -0.00013678524175405617 0.000553211566626467 0.0002861564090328816 0.0053990554462271375 -4.84602833847287e-06 -8.12857760343437e-05 1.4272437129641735e-05 0.0002850421203818729 0.0007034529269453097 9.491640257709616e-07 1.3700068657679525e-05 3.421696124223854e-06 3.2841322266841305e-05 9.38615780376492e-07 2.6852044526882503e-05 4.08329098802271e-06 6.475423713957166e-05 1.9023421079272463e-06 1.4547578200505122e-05 4.25750377226779e-07 3.224029100747447e-07 1.7274675627967636e-05 9.447153257871879e-06 1.5515741653696942e-06 4.008308382190135e-06 3.7742613933502664e-06 2.6199924249291888e-05 2.085419718062193e-06 1.1433625676132727e-05 6.069640402594199e-07 4.820309915657158e-06 4.502075255031428e-06 2.905328530065749e-06 9.48972823974046e-06 1.2709239539588192e-06 1.0961759473466356e-05 1.9441991607658104e-06 4.43963201326544e-06 5.170235931805883e-07 5.464282023009834e-06
0.0003502129721754346 0.00466925656863484 1.1255282433171395e-05 1.5301671248652875e-05 0.0064393623959752965 -0.0022120306049227593 -0.00011056419269459277 0.0004596620203214896 0.00023078894140583537 0.00465609352294996 1.168068581872899e-06 5.420108337320378e-05 1.0859211130921976e-05 0.00022657664081517277 0.0006291054675982887 5.6722622782451665e-06 -3.458814694482161e-06 3.192876050805519e-06 4.089062092869988e-05 9.59655733791079e-07 1.6850020686201697e-05 3.3554998804159058e-06 6.475017217095049e-05 1.7713829341413578e-06 1.3848493336228411e-05 4.0013645061895797e-07 3.099352004503039e-07 1.6730659629222623e-05 8.914428484437693e-06 1.4544643418304293e-06 3.8014309091224445e-06 3.5864365791493886e-06 2.51558208991544e-05 1.966364561232985e-06 1.087576373749048e-05 5.86414841301958e-07 4.620023167667247e-06 4.338589197322547e-06 2.6898447762918823e-06 9.037987161817808e-06 1.2084800298372614e-06 1.054166986454524e-05 1.7930793343664652e-06 4.217994885289136e-06 4.978626545225645e-07 5.260063305038044e-06
0.0002902386966735309 0.004198205765046722 9.587355080095008e-06 1.3070912423210776e-05 0.00612270783223914 -0.0019060661063489983 -8.998518900432228e-05 0.0003961824090052193 0.00019030545501250891 0.0040221280808415685 5.291887364517477e-06 0.00013678545807348385 9.083755434352545e-06 0.0001948818641773576 0.0005730379299862807 -3.24750216921485e-07 2.265007783103118e-06 -1.3819713026734216e-08 -8.449031104743164e-06 2.003341502254717e-06 1.4181482902359181e-05 2.4734495906436404e-06 5.854730572336421e-05 1.636974011514497e-06 1.3202534023386386e-05 3.783444253033624e-07 2.995850541337981e-07 1.6246838326465596e-05 8.482949852920677e-06 1.35049212967281e-06 3.6426600725227086e-06 3.448427545569044e-06 2.420712330715904e-05 1.84638933560812e-06 1.0358215101005084e-05 5.540939328775545e-07 4.4557243869973505e-06 4.181683772074302e-06 2.554359827348875e-06 8.668608152071893e-06 1.178579545377164e-06 1.0166421465255413e-05 1.7128613963408404e-06 4.05941674904178e-06 4.740322257604729e-07 5.1096686496731986e-06
0.00024351036406788085 0.003720215999520212 8.05246600251307e-06 1.141808539056551e-05 0.005739934967232811 -0.0016307697629101034 -7.283774320028824e-05 0.0003305131989046548 0.00015414476555601538 0.003477872351414255 8.079366927079954e-06 0.00019857633022051164 7.800000303182602e-06 0.00015387356835037526 0.0005078539649840675 1.978081988370513e-06 -6.204001776264425e-06 1.8040749866292378e-06 1.6540138828636227e-05 1.7700817519191804e-06 1.3741009235087619e-05 2.057761423119895e-06 5.1791118542156356e-05 1.5219888265660329e-06 1.2534664862690975e-05 3.54305494495305e-07 2.835812590769464e-07 1.564691144119377e-05 8.033979633835898e-06 1.261997216255466e-06 3.4631873460392267e-06 3.257187686351722e-06 2.316189039223688e-05 1.74814140721653e-06 9.896535078856097e-06 5.223090328385016e-07 4.283471745031955e-06 4.034095355802304e-06 2.3595483249793e-06 8.175637337755753e-06 1.0927126358751391e-06 9.800108908261903e-06 1.5681647261038153e-06 3.857111229626478e-06 4.5248331284074625e-07 4.9219586405728555e-06
0.00045366733855025857 0.007594180206506646 1.2762580130886612e-05 2.1276469309043763e-05 0.012891745539721385 -0.0031621637431325507 -0.00012782992782159387 0.0006225969509049467 0.0002804914147326241 0.006753086911714605 2.508639675635771e-05 0.0006035726699739087 1.1622977863668502e-05 0.00027530866095485334 0.0010534468551943084 -4.897555979961442e-06 1.1077287602778458e-05 3.046125845253073e-06 2.505532329989618e-05 5.7389740527248916e-06 2.7982862630970335e-05 4.196235850553533e-06 0.00011131721662222667 2.123521984816589e-06 1.8113819651746135e-05 4.998821310564942e-07 3.942591348183848e-07 2.3273578363061923e-05 1.1426074935334088e-05 1.7746304745542744e-06 4.97267215534194e-06 4.652441779565008e-06 3.400539469774076e-05 2.5260242463557023e-06 1.4426850269438887e-05 7.207198925895621e-07 6.253446121535042e-06 5.940390082361943e-06 3.382647461697613e-06 1.1832239492599503e-05 1.581747507979328e-06 1.4428877764800612e-05 2.2943314609965605e-06 5.515099675972185e-06 6.642272367163469e-07 7.303558076504029e-06
0.0002955864270429677 0.005751238540502462 7.691510905337393e-06 1.4341215139438977e-05 0.011318042982663432 -0.0021576159436949858 -7.549441839985475e-05 0.00040676585278346403 0.0001608162459783967 0.004571593179724232 2.4135286113623877e-05 0.0007221338942541424 6.710619422674235e-06 0.00015959780225770063 0.0008012042852201351 3.788981401301166e-06 1.0811123124011072e-05 9.92359073500026e-07 6.006239540775074e-05 2.984697482066061e-06 1.4088362796092992e-05 2.817367780290721e-06 0.00010235350696559513 1.78451515816375e-06 1.6052280793749294e-05 4.3300045804913103e-07 3.4268149844034954e-07 2.1582854637479267e-05 1.0074437898949764e-05 1.5176569093328928e-06 4.42951295720033e-06 4.126275552253025e-06 3.0825501784413436e-05 2.2104404801677633e-06 1.3012669029249034e-05 6.130992028587572e-07 5.718379875859067e-06 5.436037901074796e-06 2.9669377648308297e-06 1.0493905617728958e-05 1.385860613723125e-06 1.3213592385142388e-05 2.0815810098376514e-06 4.904648132622236e-06 5.902644299071991e-07 6.7274038925336175e-06
0.0001960460929862073 0.0044030416725063725 4.293791982276668e-06 1.0534886107090267e-05 0.009926227736416434 -0.001512817244030231 -4.570359939251352e-05 0.00027283538715057974 9.763298266557802e-05 0.0031136208514312993 2.100617701551354e-05 0.0006949639971092369 3.6828465182715872e-06 9.808438929346765e-05 0.0006318267790370282 -1.1783702541936602e-06 7.997101030894733e-06 -2.2747958500373107e-06 9.737276097066484e-06 6.387295510342788e-06 9.276671467120357e-06 2.1363093603837587e-06 9.40096714167351e-05 1.5179939404205213e-06 1.4263441679251208e-05 3.903990828286787e-07 3.1491370494225067e-07 2.004380023373837e-05 8.871382384416672e-06 1.317783097827044e-06 3.963548310560895e-06 3.759477769014917e-06 2.8040189749462537e-05 1.958622175174378e-06 1.1723612157617348e-05 5.764022244394937e-07 5.213655903183166e-06 5.01398890246561e-06 2.624747067192398e-06 9.36664005836745e-06 1.2640613489537945e-06 1.2218180308229833e-05 1.8615509900428645e-06 4.391098382170259e-06 5.344639737284538e-07 6.246226361302451e-06
0.0001390280210872445 0.0033758555115720457 3.392171405761722e-06 6.761124041320302e-06 0.00872649953580602 -0.0010905501877509648 -3.4503481919994225e-05 0.00019396416932215238 5.9497945534481234e-05 0.001995882189631796 1.357447838187675e-05 0.0006445345763778524 2.0937849465936964e-06 5.868708683109626e-05 0.0004870788050978883 2.486840648624931e-06 -1.578296138241743e-05 6.532412527066656e-07 -4.202778919867231e-06 4.282643075169131e-06 9.274213843895273e-07 2.889129047944797e-06 8.31757733209443e-05 1.3138806026919693e-06 1.2721960798954e-05 3.515239406824337e-07 2.8170867174276006e-07 1.862331746751126e-05 7.909148279063708e-06 1.161755452931182e-06 3.5498778963892997e-06 3.343575075275105e-06 2.551751884695506e-05 1.7074668403325533e-06 1.0659524846127914e-05 5.368024396723554e-07 4.794155032615437e-06 4.56628460606598e-06 2.3163506241153434e-06 8.333976388903678e-06 1.1144551315416548e-06 1.1228110811566032e-05 1.6426306502811933e-06 3.930370752068779e-06 4.777511673450456e-07 5.7286002997734775e-06
9.755539131541964e-05 0.0026272311257084895 2.018883522764935e-06 5.242961141616381e-06 0.007639197010523206 -0.0007830917269858092 -2.1243408266148132e-05 0.0001351717146764194 4.1934686689589816e-05 0.001317661846224525 1.2507928409552088e-05 0.0005773220884451692 1.8858473413022003e-06 3.329662343510122e-05 0.00038587137253716364 -1.1690064686314426e-06 3.834615399469082e-06 1.829743610465131e-06 2.819638646864632e-05 3.668710248263591e-06 6.958183630467986e-06 1.6381774422298453e-06 6.550420989856832e-05 1.1373901461208065e-06 1.1380816415692322e-05 3.0596205061806474e-07 2.478844430370132e-07 1.727670709767369e-05 7.067671096156288e-06 1.0223384936401343e-06 3.192602871659252e-06 2.9931324726142914e-06 2.3277578286865182e-05 1.540977932283435e-06 9.68693500894316e-06 4.602497258542075e-07 4.396342254625832e-06 4.218427453645959e-06 2.0879364536017504e-06 7.529874039527094e-06 1.0038685973148304e-06 1.0337848896023204e-05 1.566403445665692e-06 3.51481978745386e-06 4.3104065411052e-07 5.293717828494418e-06
7.116248737442972e-05 0.0020573164780506876 8.428373873460852e-07 3.989580496129914e-06 0.006755832565450094 -0.0005644151850145929 -1.3667914316168244e-05 9.404414418938565e-05 2.4973677312102796e-05 0.0008420529927582638 9.022043151443828e-06 0.0005007007403959398 9.206020464502723e-07 2.2545478366532867e-05 0.0003097692025518085 1.8639201180457086e-06 3.766469275293863e-06 6.035675686577285e-07 9.867415142700695e-06 -3.683603485796969e-07 4.343379019187075e-06 1.6070894664488105e-06 5.885288878917642e-05 9.781549985448478e-07 1.0245744609312244e-05 2.750562262599469e-07 2.26292959075353e-07 1.611886926768159e-05 6.341146815247443e-06 8.944259259408189e-07 2.85308421920393e-06 2.688258885724284e-06 2.1330493660557803e-05 1.3825978118186568e-06 8.945994560354767e-06 4.313930699546259e-07 4.04519805849493e-06 3.913144706301762e-06 1.8552307876515987e-06 6.739744502156622e-06 9.016398395408775e-07 9.591057729712819e-06 1.3594493722872496e-06 3.1320361640782533e-06 3.865370809312825e-07 4.9276969992747945e-06
4.912920259666917e-05 0.0016048492323184251 1.2498008388816526e-06 2.4614986789169997e-06 0.005958230698419579 -0.0004128210562117848 -1.025139931137897e-05 7.096419617912113e-05 1.24384033472992e-05 0.00047081413072338514 8.24888443447359e-06 0.00045901865051157126 2.823268093822856e-07 2.3324689375092506e-06 0.00024292883944257063 1.2707689615698375e-06 -1.792883526652156e-06 4.5822593679281513e-07 2.7363541074127285e-06 3.285857770453731e-06 -1.4866898976506068e-06 1.5167902114457365e-06 5.543450146143531e-05 8.377205300658938e-07 9.176312173871566e-06 2.447836651040551e-07 1.9676926873366587e-07 1.5025384814274054e-05 5.669271825485721e-06 7.743583386598211e-07 2.573194269236016e-06 2.4318991346252916e-06 1.955682623871155e-05 1.2304006297414462e-06 8.138585803871085e-06 3.8032792533707423e-07 3.745528809281682e-06 3.5950511164798707e-06 1.6399755935067201e-06 6.079713605634936e-06 8.178174140655467e-07 8.868882406678302e-06 1.2462571714675895e-06 2.8841129690456025e-06 3.4772874890451945e-07 4.520123133536173e-06
6.413448991651886e-05 0.0023085795777619865 1.3555651353032995e-06 2.977334107368873e-06 0.010035602638515774 -0.0005545793456689133 -1.3526115077844725e-05 9.154597543089603e-05 7.940209346271297e-06 0.0002902730368465322 9.96562561643129e-06 0.000678913071008564 1.4527970918560127e-07 1.765309127754584e-05 0.0003631401982285949 1.5449649530766345e-06 -3.4163926978703116e-06 -6.948680781840843e-08 -2.6638418632453238e-06 2.650401394120078e-06 2.443242431191895e-06 2.110306372029306e-06 9.335615429445082e-05 9.90884414406845e-07 1.1198320028203169e-05 2.9719460952855726e-07 2.2572076392126178e-07 1.928661767240459e-05 6.910468147185334e-06 9.369873089579839e-07 3.1556914990526676e-06 2.972672871246037e-06 2.4588216341649496e-05 1.4576841787905418e-06 1.027700747470214e-05 4.503712768488319e-07 4.742007014341976e-06 4.533130862580584e-06 1.9804656578905223e-06 7.3625885146184426e-06 9.62538530051465e-07 1.1264146974641326e-05 1.4890231831313883e-06 3.4275276826053224e-06 4.1187027033864046e-07 5.797221903932939e-06
3.7060737285079696e-05 0.0014526972340492465 8.047499562510932e-07 1.5274145485394277e-06 0.007956857639508241 -0.00030050664037247583 -8.070809390947525e-06 4.581247635784027e-05 -2.403382303421304e-06 -0.0001603662942442895 5.715182850301655e-06 0.0004927105008868676 -4.307195322467785e-07 -9.994133192763583e-07 0.0002387508051978201 2.1359922286954625e-06 4.843315735791311e-06 1.0054642628098597e-06 1.0570738122920441e-05 2.7877451894813743e-06 -8.477867151785455e-07 1.8550676358781422e-06 6.85027666678798e-05 7.907373786133006e-07 9.232966521226798e-06 2.4283764338558644e-07 1.9775507802269636e-07 1.6952676124753786e-05 5.691814845321307e-06 7.623336771510678e-07 2.5875956152792505e-06 2.414774666835449e-06 2.098626342358371e-05 1.2311169098104365e-06 8.91971575729589e-06 3.7686349955902585e-07 4.130746334889744e-06 3.974448678565759e-06 1.6479774511772797e-06 6.051605825629788e-06 8.269277762020676e-07 9.86659839224264e-06 1.2431653105216384e-06 2.7590091300422158e-06 3.386152072093514e-07 5.070840191330959e-06
2.269608383972843e-05 0.0009316233904943339 8.616687505330084e-07 1.692290985483635e-06 0.006302587738065318 -0.000181723602652049 -5.2688035629486924e-06 2.821315109275512e-05 1.5526440729520618e-06 -0.0003206993403645592 1.681521052798648e-06 0.0003532511391422622 6.853963006674345e-07 -5.923970314530342e-06 0.0001680726689899605 2.1821447854246498e-06 -4.465686431454414e-06 -3.3881422747698107e-07 9.901858596213726e-06 -3.4820877626905724e-07 -2.702917165892299e-06 6.232763083707869e-07 5.545791672166988e-05 6.855316574274302e-07 7.64637357561147e-06 2.2175813814071382e-07 2.137130630813995e-07 1.4962396278654744e-05 4.770710564950263e-06 7.080489153282902e-07 2.1937111445780085e-06 2.124015105702835e-06 1.8044612757367282e-05 1.1183843127415835e-06 7.683623248322418e-06 3.890887609177159e-07 3.619182767390481e-06 3.5469679855093403e-06 1.3675883684938037e-06 5.0551524588650074e-06 7.403363865404758e-07 8.557688604101003e-06 1.0521052282151296e-06 2.3466132677376578e-06 3.307448015884018e-07 4.4362343782616925e-06
1.157018296596076e-05 0.0006352080333111837 1.5021132731672056e-07 5.783318835631241e-07 0.0050810974857024285 -0.00010946540530090629 -1.0983425884846217e-06 1.2287132576670126e-05 -3.4484379502337617e-06 -0.00037069429675335423 2.3865708917331076e-06 0.00026081767783150755 5.142802742635126e-08 -1.1592615359129306e-06 0.00011472680211569945 2.9864833850095375e-06 -1.1189121092854916e-05 8.212943249493091e-07 1.2547779894202667e-05 2.1564971881382273e-06 -4.598942923037203e-06 8.050282683845319e-07 4.730740368645492e-05 5.982256841821102e-07 6.42394583113492e-06 2.0034141420022284e-07 1.7512427963875483e-07 1.3311301333453827e-05 4.047014137259574e-06 6.323163896847691e-07 1.9089637667028623e-06 1.7850392064355382e-06 1.573919288181391e-05 9.433134326552188e-07 6.71592055105857e-06 3.5476101903278825e-07 3.1929276526315494e-06 3.100596063583823e-06 1.1737748359062947e-06 4.3179455177661875e-06 6.14964752763741e-07 7.553429052318849e-06 8.740180292224667e-07 1.961189894368535e-06 2.583289154763923e-07 3.861393014346853e-06
6.360895986876309e-06 0.00043092481018938033 5.642910396216221e-08 3.495778165280073e-07 0.004079745071229633 -7.100386611155032e-05 4.605780312384175e-08 9.446635530749203e-06 -3.5840810343636377e-06 -0.00037534257489024476 2.045083593647416e-06 0.00019262635270131224 -2.563004041264385e-07 -2.0321625940276622e-06 8.657307675896831e-05 1.5711601403488026e-06 -6.350644682068412e-06 -1.3320045284672092e-06 -3.59924291325855e-06 2.889986755960018e-06 -6.535731251989573e-06 -1.7449815324891292e-07 4.0036065025194614e-05 5.471430493257018e-07 5.415319240850927e-06 1.7446414630382116e-07 1.587909784732736e-07 1.1851055402450879e-05 3.5466303166192835e-06 5.856806618002709e-07 1.6578804542238313e-06 1.5704710180261949e-06 1.3779912234831268e-05 8.854479114199396e-07 5.985999532132091e-06 3.0091480037374774e-07 2.8175031310673677e-06 2.7424897898254765e-06 1.1514849826627858e-06 3.870648585184737e-06 5.60170783631519e-07 6.750753262788691e-06 8.513230911307576e-07 1.73169157753061e-06 2.4410918797217227e-07 3.446722236605924e-06
7.127679198445459e-06 0.0005029265168234659 -2.466688030141891e-08 3.613871897074518e-07 0.005880139938124059 -6.472525756613427e-05 -8.217968505556952e-08 5.037489319746115e-06 -6.733547333372237e-06 -0.0005872130803754107 1.637801699300857e-06 0.00024390071364558004 6.937778149180578e-08 -6.353589384078114e-06 9.928718715153824e-05 2.110064061698279e-07 2.441641487197644e-06 -9.30486059207631e-08 6.740593132515782e-06 2.988319184988142e-07 -3.481639377545697e-06 2.6314080949463864e-07 4.6262464132705276e-05 5.328499505548799e-07 6.041636168255997e-06 1.8483795820484246e-07 1.7731565966782886e-07 1.4091306694922183e-05 3.815942087819309e-06 5.7763864568855e-07 1.805328163117219e-06 1.7149801618506665e-06 1.5954077719509397e-05 9.154606012000648e-07 6.9127789539632165e-06 3.4196439073705235e-07 3.2822471372201573e-06 3.220811172156707e-06 1.1624562400899146e-06 4.181350242209065e-06 6.423724879614705e-07 7.956829521899699e-06 8.956634436938552e-07 1.8976187844853958e-06 2.668744749252499e-07 4.118252276432612e-06
2.493408904914258e-06 0.0002371110249986336 1.4158075744912214e-07 3.6963891790020434e-07 0.0037392723974501376 -2.6326377390172167e-05 8.037557534592176e-08 1.4847012832065312e-06 -3.036576116076779e-06 -0.0004682038721019819 1.2851092676328243e-06 0.00012908675559624 1.7824619262969989e-07 -1.2262222930592852e-06 5.606372652296103e-05 1.2151782629300897e-07 2.8064347037253767e-06 3.784084992688896e-08 7.6927990359329e-06 1.346374624645286e-06 -2.456091926778552e-06 6.533765677986952e-08 2.5413670399045063e-05 4.611491794568354e-07 4.462156663575034e-06 1.5766920525839265e-07 1.4874823852264873e-07 1.1147357711272433e-05 2.9547611086374105e-06 5.323691033004447e-07 1.4245708505638038e-06 1.3558799433753266e-06 1.2341413692614662e-05 7.853292904849829e-07 5.520290523968994e-06 2.7773127154137003e-07 2.6187385842579925e-06 2.5874549100449e-06 1.004593176937282e-06 3.2845845899279248e-06 5.556542610621152e-07 6.3057286431576916e-06 7.672870204836061e-07 1.4547259156532667e-06 2.169579166737206e-07 3.233107160688589e-06
2.9238079868091026e-06 0.00023911184461414465 4.9733006198044986e-08 4.451195656535683e-09 0.007478808006968076 -1.8705065510285345e-05 -5.205579719808896e-07 -1.382572913490476e-06 -7.508886477748881e-06 -0.0008636201984630562 2.2251605055455884e-06 0.0001555520447747605 -4.351253400112415e-07 3.837852138098156e-06 6.156196420935624e-05 1.2483019337978196e-06 -5.15700309998356e-06 7.694364822680066e-07 1.2596647051567665e-05 -2.0402536645455195e-07 -2.359810851372112e-06 1.579553453240984e-09 2.4569947748855895e-05 4.988723402466056e-07 4.923067594170039e-06 1.7943033555703805e-07 1.8219621557018365e-07 1.544661811879684e-05 3.315859423434078e-06 5.929124552427586e-07 1.573458450860897e-06 1.5743151217983809e-06 1.6288969977928612e-05 9.226430948681253e-07 7.4259876434850855e-06 3.3583094534271556e-07 3.4779007706156572e-06 3.434496052129155e-06 1.129900552520876e-06 3.660907937597356e-06 5.854244095955803e-07 8.398806906498953e-06 8.490206979696303e-07 1.5960450666742618e-06 2.936175351943895e-07 4.406289426796794e-06