=== costheta bin 0.4-0.6 ===
For each bin: first 23 entries are fitted EFT parameters, next 23 are their uncertainties.
0.00037908677198250363 0.0012974826120072918 0.0002470140863412826 0.0003598053871870849 0.0018947876967469256 -0.0013942317330295423 -0.0006120563703714432 0.001137389776538738 0.001365160222174696 0.0031429081684455364 -0.0007279622242465115 -0.0016734098785731242 0.0005941101994404284 0.0013742076588957655 0.0016590030602938776 -6.47783120029932e-07 1.195803397317731e-06 9.195824029272088e-06 8.028303696265273e-06 -7.664604522590474e-06 1.4683687924786934e-05 8.079322144824229e-06 1.9891562267605356e-05 1.3811436736224186e-06 6.464577950479013e-06 5.783628353315449e-07 6.715003451691866e-07 8.163207303339143e-06 5.295725034442928e-06 1.7110595958341262e-06 3.264574535424407e-06 3.6995456031031727e-06 1.1804238444820198e-05 2.458523216504251e-06 5.911041529859112e-06 1.0629617044330418e-06 3.607701687148342e-06 4.155053961042677e-06 1.997359800177682e-06 5.046161551257263e-06 1.9597920421852207e-06 5.77225585819715e-06 1.32830574754039e-06 2.575684349948952e-06 8.745027171071723e-07 2.8932856096677064e-06
0.0005851799796919842 0.002117257632843988 0.0002919442831952186 0.0004060078992592917 0.0029196633839435417 -0.002211548809752437 -0.0008233371171776822 0.0015722443465900828 0.0018518380749731325 0.004976751311505727 -0.0009551846899417943 -0.002580257301930047 0.0006864213618263166 0.001843898387259794 0.002180111844743855 -9.341783285039261e-06 1.8548987435239253e-05 1.5228602727469458e-05 2.0981650163843215e-05 -1.1656360219483148e-05 2.0578910498802193e-05 1.0238101222237858e-05 2.7964386793366232e-05 1.7170665235940272e-06 8.05333383930026e-06 6.359236796195475e-07 7.17813071450683e-07 1.0192053333482704e-05 6.4534618490035255e-06 1.930811639910244e-06 3.7231360159372397e-06 4.043332446547621e-06 1.4453478202207242e-05 2.6838648301209986e-06 7.120631973863669e-06 1.1469809305667568e-06 3.987968336119337e-06 4.611699904227651e-06 2.4172708610725744e-06 5.5560924196612e-06 2.044612690300161e-06 6.67840912295541e-06 1.5190855274805327e-06 2.6040039202560998e-06 9.04484541757655e-07 3.280312023441784e-06
0.0007004116082015141 0.00255338673798188 0.0002542422043888924 0.0003247085465290037 0.0032461478350099314 -0.0026575440965064994 -0.0008387665201850436 0.0016068626779760667 0.0018108263616895437 0.00574285549459889 -0.000934037858916941 -0.0029704336572745557 0.0005727657443997746 0.0018115730420420213 0.0020516846046152544 -6.480821215917698e-06 1.77620368186621e-05 1.178349097843376e-05 1.4065062296976702e-05 -1.3032552880265433e-05 2.5223886345081456e-05 9.21184308954467e-06 3.091375144025606e-05 1.9021131151503223e-06 8.66018184347664e-06 6.015234168774118e-07 6.512021500645265e-07 1.0590963220735098e-05 6.863939028516994e-06 1.9013367998130287e-06 3.6645480577996156e-06 3.857433914086919e-06 1.5233535054449143e-05 2.550009225930904e-06 7.399426649745416e-06 1.0491559352481978e-06 3.9070051320099615e-06 4.427871952785506e-06 2.605493449828814e-06 5.999093576185527e-06 1.897355263870314e-06 6.704988926849434e-06 1.5530921027777329e-06 2.8589792936175597e-06 8.224743821994153e-07 3.448672449330873e-06
0.000807149851812506 0.0029267035458875263 0.00021526985992031754 0.0002467385817296017 0.0033696930717665202 -0.0030604933282649006 -0.0008293904556145633 0.0015850839045082228 0.001688947126092387 0.006256713711337244 -0.0008714632346278421 -0.0032494127349521704 0.00045905613572341894 0.0016969142228492413 0.0018232066491440603 -1.0970930113147431e-05 2.4123028541009148e-05 1.3248259923029158e-05 1.70632661428623e-05 -1.4347569484923355e-05 3.093602716354014e-05 8.87849673587096e-06 3.254459300103361e-05 2.0524912095638144e-06 9.194728966787152e-06 5.552360507338698e-07 5.716964220983973e-07 1.0758955019316861e-05 7.277171753291976e-06 1.916064941193848e-06 3.5763295984658495e-06 3.660232502928043e-06 1.581371760707991e-05 2.4692279501719934e-06 7.714527877286627e-06 9.440806486823542e-07 3.724840184783521e-06 4.073224980813744e-06 2.764078477785825e-06 6.5356294647421905e-06 1.771052756655901e-06 6.608355608861741e-06 1.6282387413502813e-06 2.9177841460222402e-06 7.596143218563408e-07 3.4202265307850947e-06
0.0010001320674970248 0.0034820039695393603 0.00019183344018480127 0.0001865292464667423 0.0033965692386502973 -0.0037169850898291093 -0.0008714372147450971 0.00163262100326622 0.0016007542814818728 0.006852452807299201 -0.0008456042704310493 -0.003626689118495196 0.0003767564152136815 0.0016079987190548881 0.0015908600198493278 -8.9192618072546e-06 9.810685079224867e-06 9.596051171953284e-06 8.767498941357452e-06 -2.104178459661903e-05 3.619507931260294e-05 8.508709999438872e-06 3.803875593467854e-05 2.2688108158520996e-06 9.920043449472427e-06 5.349775371372389e-07 5.014124371189028e-07 1.0742257921822485e-05 7.890941268835941e-06 1.965027275698823e-06 3.624169783201072e-06 3.5138910980875544e-06 1.6712442405101436e-05 2.3792626515709946e-06 8.133765071264225e-06 8.758113288833969e-07 3.69923194582953e-06 3.78018317351233e-06 3.0223578475176796e-06 6.3964226300977014e-06 1.5779718670685907e-06 6.542344555390764e-06 1.7437149687812985e-06 2.8009450564098446e-06 6.745969563737363e-07 3.398665341272261e-06
0.0013278646121388674 0.004295231269322603 0.00018295510404086788 0.00014021115106068556 0.00327134865133883 -0.004746288537551013 -0.0009786267051785983 0.0017711509858423851 0.001534589535445441 0.0074407042815941085 -0.0008337570039027605 -0.004051579164348292 0.0003173106785954419 0.0015375030143311087 0.0013558804018285267 -4.6564028545389344e-06 9.547076345015811e-06 8.987982330590161e-06 7.99398874323374e-06 -1.8314755012229844e-05 3.516028662022123e-05 6.57749281445392e-06 3.1800607892821205e-05 2.6356061737462903e-06 1.1192631104445759e-05 5.51439875780968e-07 4.5737230208262e-07 1.0885856612504547e-05 9.113121996787283e-06 2.1374260124031423e-06 3.876842237948972e-06 3.643372464478116e-06 1.7835673726091105e-05 2.5371207587297375e-06 9.348005266825097e-06 8.546344110826117e-07 3.8727533355430305e-06 3.7104475845517843e-06 3.5491124299137268e-06 7.298519707899884e-06 1.5076017480315877e-06 6.993102407290484e-06 1.974344443715468e-06 3.313642514012106e-06 6.251846246773895e-07 3.675113120760335e-06
0.001348455917944476 0.004610213874519029 0.00015145762100228255 0.00010463487728129173 0.0031396828983489993 -0.004911060469706498 -0.000889152193895562 0.0016692898276322486 0.0013528601170758867 0.007415858127962811 -0.0006907995689033087 -0.003796841850903481 0.00024518032433098113 0.0013468598449244398 0.0011497363614665905 -4.387641816493404e-06 1.4647044859194776e-05 7.205259486197248e-06 4.361357461108377e-06 -1.7165207471260196e-05 3.712598320257915e-05 5.235385831481668e-06 2.7343549876953736e-05 2.713833933029235e-06 1.171545533331712e-05 5.176283260478856e-07 4.173685528153993e-07 1.0928562910373722e-05 9.471741022975984e-06 2.1181213746925057e-06 3.924005945627622e-06 3.6218648062932335e-06 1.8531422456464046e-05 2.5221048413411324e-06 9.933361347182094e-06 7.863884094605819e-07 3.959972791693489e-06 3.5064846254005803e-06 3.669104500119452e-06 7.620029865639517e-06 1.479151145813562e-06 7.183021345954328e-06 2.18172956210798e-06 3.5024882725346054e-06 5.599617946573793e-07 3.393165765535028e-06
0.001222744464521267 0.004554696578034006 0.00011943885753631375 7.94488826362858e-05 0.0029875019075815547 -0.004605164937521214 -0.0007441527156471251 0.0014779308076439566 0.0011400690424375783 0.0069798441375318945 -0.0005326259747060849 -0.0032533469033253722 0.00018432745468612244 0.0011285110731115583 0.0009721617484668406 4.278833999851218e-06 -6.97560418075189e-06 4.0591698374025556e-06 -9.930361663219468e-07 -1.4582986815227337e-05 3.2745370502677535e-05 3.9290315561494485e-06 2.2433091872823365e-05 2.6397273791692167e-06 1.1901906915106038e-05 4.773960772823573e-07 3.8900664415798765e-07 1.1021085381583698e-05 9.507337862070305e-06 2.037211917662939e-06 3.887203243483279e-06 3.59730780289214e-06 1.876102046497348e-05 2.4517959213124437e-06 1.003430600917684e-05 7.297208083635116e-07 3.8456516150517425e-06 3.369365598561796e-06 3.596939087089797e-06 7.904575890135964e-06 1.420135027667664e-06 7.630361924469059e-06 2.216493064145107e-06 3.633886344287925e-06 5.349927521481388e-07 3.2614109898739023e-06
0.001061223385291597 0.004377688184366015 9.341808085936341e-05 6.140398097411588e-05 0.002849998588407826 -0.0041587451978609795 -0.0006073342930870689 0.0012799349242689677 0.0009478978345577447 0.006478299392209014 -0.00039716591921287167 -0.0027271806749589143 0.00013866178252404756 0.0009469996571404524 0.0008358387699407368 -4.752127590710875e-06 1.0658501822270135e-05 5.220644238682563e-06 1.158665381136002e-05 -1.1891118285516102e-05 2.4818686232384456e-05 3.2990954659759864e-06 2.43554385602942e-05 2.5051835900355607e-06 1.1941446223491957e-05 4.497123639161969e-07 3.665444184593853e-07 1.1075520323562763e-05 9.286367160244682e-06 1.9291214110954053e-06 3.775942062994271e-06 3.494132459656566e-06 1.860345375036727e-05 2.345315671592798e-06 9.95903815182204e-06 6.980035515505893e-07 3.7479472789054866e-06 3.2693409642960415e-06 3.4183597734133434e-06 7.793652272711526e-06 1.3819508613782292e-06 7.60461510748788e-06 2.14107887330703e-06 3.5915167944980642e-06 4.995121863161401e-07 3.3463658030819945e-06
0.0008994647327125952 0.00406351596339975 7.180522702761457e-05 4.770478226938189e-05 0.0026920943698202676 -0.0036490551222052676 -0.00048557231158125313 0.0010761316235157292 0.0007721582122216608 0.00580903388440536 -0.00029180785072935273 -0.002199376708072593 0.00010265265253792488 0.0007719637623306701 0.0007152374456226983 -1.0646702303502894e-06 5.5914394408856385e-06 5.141329196181232e-06 1.1858474706049355e-05 -1.3655715767395795e-05 2.885961091720491e-05 3.6757613856959723e-06 2.9000917316701796e-05 2.345990276445759e-06 1.1721385652689342e-05 4.2851872026829e-07 3.4614838681232697e-07 1.0949709412413685e-05 8.954772749076117e-06 1.8077373512771656e-06 3.6200708132618896e-06 3.367357695372795e-06 1.831937133554236e-05 2.213129167626901e-06 9.729567700881174e-06 6.58988419178703e-07 3.6504679911953716e-06 3.1798050601937166e-06 3.206750409771691e-06 7.655989509188214e-06 1.3058395610138893e-06 7.599187980200223e-06 2.0305114939656154e-06 3.533246119238813e-06 4.6191418878945883e-07 3.409064221922992e-06
0.0007408828248861275 0.003716357121437845 5.328317696182213e-05 3.6794321634209806e-05 0.0025545983985821997 -0.0031455936018206236 -0.0003748816861599799 0.0008915639699707507 0.000615448317235969 0.005183144099046752 -0.0002057203765807965 -0.0017294367447009053 7.408838719504695e-05 0.0006251231419235083 0.0006166372397520824 -3.069861909947619e-06 4.805843631707178e-06 -1.0922648246201507e-06 -7.318019811981125e-06 -3.3944584269651763e-06 2.1678925335714866e-05 2.0354389842560216e-06 2.0408680363302604e-05 2.165271154279185e-06 1.1314369882154423e-05 4.000104867377916e-07 3.1863307643074307e-07 1.0748293803295485e-05 8.470952860461966e-06 1.6649540431159472e-06 3.413608187797387e-06 3.2002445518998008e-06 1.7952941352853327e-05 2.05253267268713e-06 9.352605056359883e-06 6.046626499777842e-07 3.493431672781676e-06 3.076864649023482e-06 2.9989636968476877e-06 7.442050162698056e-06 1.2243110787835525e-06 7.5768521810287274e-06 1.9341764299973313e-06 3.47197349709779e-06 4.3352070881925604e-07 3.4224192014714117e-06
0.0006097001623418336 0.00339196192366748 4.075816642642622e-05 2.910031651668834e-05 0.002428785592040791 -0.0027040515800963514 -0.00029483989097108464 0.0007432458226362827 0.0005044076369191499 0.004586784064404649 -0.0001470070209040027 -0.0013467836076194136 5.539879155870032e-05 0.0005059813671798976 0.0005350711210831847 -5.491176605845256e-06 1.4662929028955797e-05 2.614712984275085e-06 2.1910696558948462e-05 -6.116483691574109e-06 1.875882119285685e-05 1.9768711133840894e-06 2.179442298029729e-05 1.9941971347953532e-06 1.0917915612703471e-05 3.7403984184089e-07 2.979159078798908e-07 1.053713747397218e-05 7.951530917271628e-06 1.5251625907491956e-06 3.205776880848086e-06 3.031322557874249e-06 1.751977599303939e-05 1.8978163084190782e-06 8.931225807882087e-06 5.586880253077129e-07 3.357320549047669e-06 2.9580060660698778e-06 2.7717475530724057e-06 7.116209524385756e-06 1.1492772327187735e-06 7.424475788677769e-06 1.806248573336938e-06 3.3365217959702463e-06 4.0703043300131417e-07 3.3733389683064886e-06
0.0004948396542272686 0.0030187514404569843 3.035035816545386e-05 2.2625497632685104e-05 0.0022892559902404444 -0.002280383959062903 -0.00022783625442587144 0.0006030562642717036 0.0003951879885589097 0.003979404284172311 -0.00010170454171463372 -0.0010345996166181476 3.984713497390125e-05 0.00040125508437358 0.00045531430559510566 -3.7205521166236483e-06 1.1656398331862583e-05 2.516687152227667e-06 9.449133017054152e-06 -8.315198578360616e-07 1.4367855655482095e-05 2.4995525175819898e-06 2.569558724399103e-05 1.828055292265532e-06 1.0392796115249572e-05 3.4671609388310685e-07 2.7507688061592097e-07 1.0292157644213332e-05 7.4991287071632656e-06 1.3958845989795992e-06 3.0266757662920156e-06 2.8686216399365243e-06 1.694294908522163e-05 1.74370131263813e-06 8.443726342194133e-06 5.108710745811303e-07 3.237695021441231e-06 2.886666848396287e-06 2.588986168335405e-06 6.83222096790977e-06 1.0454342685556428e-06 7.262859381783559e-06 1.703144210659242e-06 3.2206237698882727e-06 3.627085761606345e-07 3.2719689967705242e-06
0.0004007056081862003 0.002692833385723187 2.2705334939390852e-05 1.7862162339449483e-05 0.002142039877176008 -0.0019204668946886728 -0.00017578302696123863 0.0004930777357016257 0.00031574061939124474 0.0034460763771239017 -6.915638609724959e-05 -0.0007739059414457072 2.896734776811764e-05 0.000319614331127004 0.0003950550033541672 -1.0890046629532636e-06 3.384833185047866e-06 2.1559687418961263e-06 9.439422247832802e-06 -1.9861843576006074e-06 1.4427969823432597e-05 1.67960754178149e-06 2.217991103743893e-05 1.6739001500872451e-06 9.904326852227098e-06 3.2457645796443576e-07 2.5401628940851243e-07 9.977179201664927e-06 7.031201508854227e-06 1.2925519485397358e-06 2.8538215407086217e-06 2.7155122888084195e-06 1.628964659416907e-05 1.6121470094970486e-06 7.981455140232752e-06 4.7179403880593586e-07 3.0820280574544005e-06 2.7416570956730886e-06 2.3940283340343886e-06 6.453784519107816e-06 9.850642355793545e-07 6.9180371045884495e-06 1.599474160255155e-06 3.069735644509267e-06 3.64704726312074e-07 3.2004056613050746e-06
0.00033326106015602193 0.0024126938662254816 1.7992206101637164e-05 1.4414681466564593e-05 0.002007179945893805 -0.0016458431621532413 -0.00014264409334330844 0.00041221276209925286 0.00025787141919613295 0.003008473437835051 -4.9683220386882665e-05 -0.0005870621679885474 2.2024782314726117e-05 0.0002563177859709997 0.0003430199427180746 -1.5881871042409677e-06 1.8999652718934712e-06 3.0469203789840067e-06 -6.5068252497335954e-06 -2.2727201123179863e-06 1.2294339554601905e-05 1.7277235626687807e-06 1.530648226548966e-05 1.5400607713437918e-06 9.437337664983295e-06 3.13786166752568e-07 2.3225690673739675e-07 9.663417890193619e-06 6.656374725454791e-06 1.2178968089567047e-06 2.70843825397032e-06 2.539686744968438e-06 1.5692706893304534e-05 1.4853854856909442e-06 7.5441879592172925e-06 4.4269725392046806e-07 2.965884448807925e-06 2.6503491214072844e-06 2.2154895028034286e-06 6.123912149213208e-06 9.014927947699249e-07 6.60493394457911e-06 1.4617302472196545e-06 2.897991784469153e-06 3.3181186828118577e-07 3.115371564858705e-06
0.0002739034952188638 0.0021395273747303895 1.3710627345031225e-05 1.1425184199425288e-05 0.0019055354082578755 -0.0013959346941388206 -0.00011219390433110477 0.0003395886163978182 0.0002052406611460295 0.002627303100246984 -3.3947419601287e-05 -0.00044515220796577924 1.6150959834356404e-05 0.00020959299912382811 0.0003009979551859991 5.372051141281858e-07 4.4999621281075985e-06 2.9693307586966754e-06 8.646144589644797e-06 -3.042150270728872e-07 1.4850691716356364e-05 1.5321656875055013e-06 1.5959556061357872e-05 1.4155194323791807e-06 8.935808935417996e-06 2.7765987079528126e-07 2.1380049272839403e-07 9.357266828647851e-06 6.211254954517078e-06 1.1071158036295352e-06 2.533114155580267e-06 2.390156179346761e-06 1.5067071120057738e-05 1.3778261002454075e-06 7.113884574958167e-06 3.9310354181356125e-07 2.81366812393562e-06 2.5393165341677875e-06 2.068261830153685e-06 5.815545749588606e-06 8.457454646335444e-07 6.385655857999659e-06 1.3841845019196618e-06 2.7759545861942454e-06 3.2674461242200677e-07 2.9952748883938613e-06
0.00022353154540991787 0.0019103906794895 1.0710281096175154e-05 9.321566870621295e-06 0.0017989107751577075 -0.00117698970738808 -8.891012738846025e-05 0.00028387964912612987 0.00016599352664254787 0.0022756529128035983 -2.191995187556283e-05 -0.00030122060469819483 1.1858618646297909e-05 0.00016373877854510452 0.0002634989728165663 -8.714674143527439e-07 -6.003994565869318e-07 8.193603694172771e-07 4.307490153391399e-06 -3.829435013981359e-07 4.813482017373882e-06 1.089892747447709e-06 1.657060443373737e-05 1.2994951923290324e-06 8.496659991482069e-06 2.6279895913750657e-07 1.9956005582491978e-07 9.052823940233521e-06 5.831925597794836e-06 1.0223080583849055e-06 2.378855385763071e-06 2.238328138118088e-06 1.4461196037228112e-05 1.282042193173587e-06 6.737019515252437e-06 3.737350362195142e-07 2.6653208800728974e-06 2.431704379952782e-06 1.888687541485022e-06 5.462600949274116e-06 7.780118263447459e-07 6.04310195091309e-06 1.247209810858419e-06 2.6427380410814146e-06 3.012344349153312e-07 2.918296099652183e-06
0.00018244284760412507 0.001686524439802972 8.08681062694719e-06 7.351353688029726e-06 0.001694164904776482 -0.0009950854835277952 -6.919306629924298e-05 0.00023082686256241077 0.0001307049203968858 0.0019581261267294296 -1.4212523502208766e-05 -0.00021270969813726788 8.725020694202137e-06 0.00013183242841454027 0.00022641669117346903 -5.308845269918867e-07 8.783056780507629e-07 1.594742085247381e-06 4.044580720978605e-06 4.631846321206591e-07 8.512551918092084e-06 1.3075857785760483e-06 1.8172018540416098e-05 1.189005828681247e-06 8.036879282785612e-06 2.5318346013921786e-07 1.9111914019577114e-07 8.79081396476254e-06 5.479266325938741e-06 9.520123311282551e-07 2.2514295295875897e-06 2.1285007364467203e-06 1.3879509990241588e-05 1.2085123928846084e-06 6.3433599045480984e-06 3.5969997400067925e-07 2.5714169692420283e-06 2.342988570171562e-06 1.7629006317203464e-06 5.2667302048033495e-06 7.431897677661224e-07 5.795730538257087e-06 1.1604864719836506e-06 2.5166364226169965e-06 2.889403054532283e-07 2.821076064859377e-06
0.0001502366140448179 0.0014970270285812502 6.6779998485923536e-06 6.333127193632025e-06 0.0016034837887909466 -0.0008434265241139601 -5.526541891196427e-05 0.0001930166170978126 0.00010656458364061204 0.0016808848629100157 -1.0241230774832779e-05 -0.00014693351326029323 7.423895315406412e-06 0.00011262797121648197 0.00020139590774073918 2.5597842094797313e-06 -7.099926029831059e-06 5.362111443218432e-07 -1.7624992836421934e-06 8.143098562366729e-07 7.092185899262683e-06 7.642242921903371e-07 1.7842759079850767e-05 1.1032036839305453e-06 7.660324868753348e-06 2.4136653767179875e-07 1.8367773954717928e-07 8.5334965354168e-06 5.172589888926711e-06 8.909432617047155e-07 2.1483511620148965e-06 2.027077378602208e-06 1.3353050759323774e-05 1.161753878322582e-06 6.071532103206266e-06 3.4595717302057027e-07 2.4958742079919842e-06 2.2868489520909383e-06 1.6794656060839894e-06 5.024884718808692e-06 7.144042308579296e-07 5.655591324272941e-06 1.1455063940519108e-06 2.359172653803617e-06 2.8290202529318347e-07 2.7480438947090047e-06
0.00012327274729447498 0.001310058650095968 4.788150161722414e-06 5.6467219943163435e-06 0.0015163911593730581 -0.0007055448213135185 -4.352313101520651e-05 0.00015952569120323084 8.675354053515648e-05 0.001429476402898485 -6.198382106168625e-06 -7.094420404270637e-05 5.364413975821617e-06 8.480116024953233e-05 0.00018205364725846834 -6.326161259037032e-07 -2.2334594004661447e-06 -1.1372227983845646e-06 -6.901398357012761e-06 -1.0006589636028277e-06 2.676168003518957e-06 3.7352191382110133e-07 1.0713133207123192e-05 1.0091266248555323e-06 7.210837847484461e-06 2.191001837622504e-07 1.7653715841310247e-07 8.240417311847028e-06 4.816432453415895e-06 8.156374906664071e-07 2.0079635958753152e-06 1.908556728668526e-06 1.2724918824700642e-05 1.0878500551692507e-06 5.690919096147044e-06 3.2394274950557104e-07 2.3551141630856324e-06 2.1807099681816325e-06 1.528229401730925e-06 4.715906603075618e-06 6.807496966888255e-07 5.330332464143881e-06 1.024111290587402e-06 2.219099098061098e-06 2.7163740846105256e-07 2.6321370737744675e-06
0.00010260234818417652 0.0011751720992770323 4.040943665020583e-06 4.383863786956789e-06 0.0014259323857510572 -0.0006057610588681995 -3.547148690135822e-05 0.0001336546656552461 7.030354398491688e-05 0.0012518562421881727 -2.7078776258762077e-06 -3.719905110071209e-05 4.250212484602038e-06 6.999292691781098e-05 0.00015639372712916353 -2.646922583451233e-06 1.539559885263578e-06 1.0302214676679964e-07 5.762968247913125e-07 -1.0837220445023856e-06 5.976508525127253e-06 6.707277676616861e-07 1.533240476989152e-05 9.397310000701736e-07 6.871952912445904e-06 2.0786368668262379e-07 1.608019385206796e-07 7.957937382908113e-06 4.540849856608705e-06 7.619358850079152e-07 1.907823622040034e-06 1.798347610960632e-06 1.2217657874790514e-05 1.0129222477753695e-06 5.431815842165941e-06 2.969680028023038e-07 2.274782844047749e-06 2.0898663022553042e-06 1.4391057761208651e-06 4.493634408991301e-06 6.278264606335811e-07 5.111381541828972e-06 9.889776274544592e-07 2.101285702062768e-06 2.5528251359882255e-07 2.533511713104745e-06
8.356375649996539e-05 0.0010461291641329193 3.138133345723924e-06 3.8393903441597146e-06 0.0013470615029624732 -0.0005157301635716349 -2.8170754404267625e-05 0.00011096962246914467 5.741389529983812e-05 0.001060540111885817 -2.240333541146149e-06 -1.1951761407875671e-05 3.3949072682046855e-06 5.558291154327906e-05 0.00014026482935677577 1.5545740993682528e-07 -1.8130311569834448e-06 3.3960775446017486e-07 -3.230169454848344e-06 1.6412328345787408e-07 5.023859429091449e-06 9.88374841093854e-07 1.5022925706507391e-05 8.610707784940476e-07 6.535468127823232e-06 1.9907593694987546e-07 1.5525123137537698e-07 7.72062947739246e-06 4.2751501146337274e-06 7.053291320104479e-07 1.8208249213376065e-06 1.7292270274549175e-06 1.1739879695828303e-05 9.448494235381376e-07 5.137681871856419e-06 2.911527269267605e-07 2.1670288037266485e-06 2.0187631513943865e-06 1.3365889925895736e-06 4.29326015280784e-06 6.01428044161092e-07 4.932489341133048e-06 9.074504726751887e-07 2.029978007872235e-06 2.349456243042684e-07 2.4463896309863642e-06
7.108871280093263e-05 0.0009310587659182489 2.70926934776039e-06 3.0718769540154425e-06 0.0012828915091226902 -0.0004399969641049433 -2.349656303388742e-05 9.372104844803926e-05 4.6840679206608185e-05 0.000915537648665113 1.2666346129584649e-06 2.5139463688793628e-05 2.4132832230138097e-06 4.6241157064842774e-05 0.00012459015678642276 2.2721752262645038e-07 -2.268934517788543e-06 9.742387905975765e-07 6.257305780293211e-06 7.13388694700743e-08 4.200872786336134e-06 6.800800129608917e-07 1.3720694286266308e-05 8.063753686549545e-07 6.211609890906824e-06 1.8702984907105512e-07 1.4699666848089508e-07 7.485130442484107e-06 4.035996878106701e-06 6.715828615576634e-07 1.7291648171767218e-06 1.6515099751218172e-06 1.1255147396577025e-05 8.966656295574144e-07 4.918426741924822e-06 2.7405722249095124e-07 2.112141282002392e-06 1.9433548760176514e-06 1.2328119152271905e-06 4.091406940017861e-06 5.676314957260425e-07 4.742900977843435e-06 8.244194955945837e-07 1.9149938041899326e-06 2.3099296028696187e-07 2.3544506159820307e-06
0.0002902391395004952 0.004198241648087049 9.580701216242792e-06 1.3073317265625618e-05 0.006122447198149093 -0.0019060846102831343 -8.99620039011243e-05 0.0003961185297049399 0.00019028883893432093 0.004021845624250589 5.292936884897853e-06 0.00013687612204116956 9.07831692568215e-06 0.00019481268280873554 0.0005730392041852123 -3.0249050207418423e-07 2.386488293537691e-06 5.961651949512261e-09 -8.289396110869967e-06 1.9998466875461448e-06 1.426264739347082e-05 2.48114876163939e-06 5.8583289966129996e-05 1.6369820071229579e-06 1.3202030568589198e-05 3.7834380400256124e-07 2.9956637236284705e-07 1.6246400163237348e-05 8.482776127035278e-06 1.350497220516938e-06 3.642602918343807e-06 3.4483290195631486e-06 2.4206656506281235e-05 1.8462041718578095e-06 1.0358170715256704e-05 5.540427082864192e-07 4.455729164920292e-06 4.1815527238203095e-06 2.554049156880099e-06 8.668033644598803e-06 1.1784435761180168e-06 1.016582570762444e-05 1.7125814239954123e-06 4.059124185667276e-06 4.7402581908934354e-07 5.109618953197974e-06
0.00024351056435713763 0.003720169774550559 8.046232456014004e-06 1.1420928424451421e-05 0.005739728995810593 -0.0016307611649662949 -7.281911844319704e-05 0.000330470232623413 0.00015415242260578274 0.003477607044158348 8.068610487094982e-06 0.00019865263084061505 7.798292742381396e-06 0.0001538348865967926 0.0005078428640433512 1.9951393721554274e-06 -6.081482929671608e-06 1.824220795998753e-06 1.668916882577797e-05 1.7676910931688546e-06 1.3800612502312236e-05 2.0654685442494167e-06 5.180852825737003e-05 1.5219991115191302e-06 1.2534183050555249e-05 3.543092989906656e-07 2.835673890023735e-07 1.5646500546842604e-05 8.033838882014864e-06 1.2620129018808493e-06 3.4631425340435738e-06 3.257118220122169e-06 2.3161538985860972e-05 1.7479808708614138e-06 9.896534461030188e-06 5.222750026229198e-07 4.283523508721607e-06 4.033967781997671e-06 2.35928920949269e-06 8.175120895157817e-06 1.0926118992721572e-06 9.799538009975172e-06 1.5679019272252978e-06 3.856828583480858e-06 4.524795603570355e-07 4.921802331253044e-06
0.0004536629350201349 0.007594133306494457 1.274895514017616e-05 2.1279188809243397e-05 0.01289106779233913 -0.0031621410271293186 -0.00012778691842140445 0.0006225145602184209 0.0002804816837906397 0.006752936550795852 2.5059825683318672e-05 0.0006036015965451628 1.1623119770590271e-05 0.00027531093625893753 0.0010534158688577675 -4.8576140977035325e-06 1.1238361956655752e-05 3.0797059677912855e-06 2.5234054921524867e-05 5.7418309155298685e-06 2.8161914670313113e-05 4.215947091631739e-06 0.00011136073078703655 2.1235368549994516e-06 1.8113378791072145e-05 4.998920618450946e-07 3.9425170913014183e-07 2.3272839424547152e-05 1.1426006119615926e-05 1.7746488426230506e-06 4.972617157735224e-06 4.652392163904869e-06 3.40050860791265e-05 2.525843647661544e-06 1.4426925510343777e-05 7.207026993177425e-07 6.253593200348745e-06 5.940224258833575e-06 3.3823200064595003e-06 1.1831560278856812e-05 1.5816069009220691e-06 1.4428115166151519e-05 2.2939839020444347e-06 5.5147213143051825e-06 6.642264673147715e-07 7.303428683237111e-06
0.0002955864214792701 0.005751193613367811 7.680615094154148e-06 1.4340844123945014e-05 0.011317255237686378 -0.00215759995265256 -7.546432108723306e-05 0.0004066898930957605 0.00016083345228551867 0.004571661357480097 2.4116091517682763e-05 0.0007221560960487974 6.706203643319188e-06 0.00015959147285522107 0.0008011452574645702 3.827366457236898e-06 1.0974759075570755e-05 1.0245150740224946e-06 6.016545916169116e-05 2.998674398911735e-06 1.423453696625775e-05 2.8344177227030293e-06 0.00010244331730805376 1.7845241787467877e-06 1.6051949354275134e-05 4.33004528431358e-07 3.4266911286296753e-07 2.1582029774087412e-05 1.007452961000603e-05 1.5176743372208266e-06 4.429506247788953e-06 4.126257827341495e-06 3.082496917098862e-05 2.2102856704154215e-06 1.3012791567492185e-05 6.130658176863657e-07 5.718494867273878e-06 5.435937856054228e-06 2.9666387922478213e-06 1.0493400466025066e-05 1.385722086134891e-06 1.321284571433117e-05 2.081258793358609e-06 4.9043552512358085e-06 5.902860317661026e-07 6.727335083051053e-06
0.0001960473310739493 0.004402983637068155 4.286196387513293e-06 1.0532831182008888e-05 0.009925525547275691 -0.0015127867787648411 -4.568649970620934e-05 0.00027278151660534166 9.767774899421246e-05 0.003113863987578704 2.0983059130102753e-05 0.0006949909884552344 3.6806200553707903e-06 9.811514589918414e-05 0.000631749519463695 -1.1463876495806226e-06 8.130163117678229e-06 -2.2379696504997226e-06 9.848950038673996e-06 6.4016613122688935e-06 9.396101282743434e-06 2.1519423435944546e-06 9.409660830396014e-05 1.5179989890011708e-06 1.4263162539664708e-05 3.9039736975827505e-07 3.149052548103265e-07 2.0043012182735192e-05 8.871422196069103e-06 1.3177954048123145e-06 3.963562832427663e-06 3.759514667033518e-06 2.803985699555614e-05 1.958506442364317e-06 1.1723632933964692e-05 5.763617294142862e-07 5.2137177001980626e-06 5.01386494520393e-06 2.6244757493262953e-06 9.36615072726402e-06 1.2639390914840358e-06 1.2217435073203215e-05 1.8612485446866807e-06 4.390824714551834e-06 5.344785250016188e-07 6.246087494992769e-06
0.00013903274015457368 0.0033758490391174265 3.3852402395661807e-06 6.761411949165484e-06 0.008725885106676648 -0.0010905631605597895 -3.448836062672205e-05 0.00019391991584894643 5.953459516908703e-05 0.0019961299621953843 1.3555004312631683e-05 0.0006444964325221791 2.0933865231650275e-06 5.8734726504354875e-05 0.00048702121153826046 2.5074567337502063e-06 -1.562905810610113e-05 6.852619002836363e-07 -4.095332375992338e-06 4.283361153063488e-06 1.0417346554641585e-06 2.9036561905964073e-06 8.329953062103962e-05 1.31387717170305e-06 1.2721712179415448e-05 3.51528700403512e-07 2.817099525164843e-07 1.8622613292395576e-05 7.909147728193454e-06 1.1617706126486694e-06 3.549905774042921e-06 3.3436492257449005e-06 2.55171946288323e-05 1.7073583589883634e-06 1.0659481785545372e-05 5.368072001769967e-07 4.794226994895839e-06 4.566197503461411e-06 2.316082276873848e-06 8.333494958896991e-06 1.1143326861243851e-06 1.1227289964333278e-05 1.6423498633688054e-06 3.930136211566714e-06 4.777680653668557e-07 5.728368136705439e-06
9.756091536336043e-05 0.0026273526258838746 2.012543541778753e-06 5.242856796448101e-06 0.007638628208738339 -0.0007831364944804057 -2.122846531765996e-05 0.00013512274403164573 4.194816168636516e-05 0.0013178611149339359 1.2495674234756413e-05 0.0005773172210697858 1.8845337234196313e-06 3.334281426934539e-05 0.0003858116251482489 -1.152451036755983e-06 3.971262870378321e-06 1.8537033763935954e-06 2.833913334568849e-05 3.6720012446420044e-06 7.070922614277034e-06 1.6477750448776007e-06 6.558024067830214e-05 1.1373916007681722e-06 1.1380625943213597e-05 3.0596858393271597e-07 2.4789037825688977e-07 1.727606910822926e-05 7.067695157951895e-06 1.0223557414798859e-06 3.1926589896882292e-06 2.993205611887227e-06 2.3277197506382245e-05 1.5409121239127275e-06 9.68688131157203e-06 4.6026607156957557e-07 4.39651577213302e-06 4.218363922716138e-06 2.0877049731696333e-06 7.529492559318363e-06 1.0037817423875784e-06 1.0337148354890426e-05 1.5661808670960405e-06 3.5146894830952354e-06 4.3105522430927035e-07 5.293495970366814e-06
7.11586460988483e-05 0.002057459320038375 8.37776304165773e-07 3.988590001342961e-06 0.006755305548419733 -0.0005644292177040564 -1.3653895247380043e-05 9.399544168932007e-05 2.4983404608698018e-05 0.0008424637811960705 9.010994682394815e-06 0.0005006234907916262 9.18449982608317e-07 2.2595783189541428e-05 0.0003096935500349214 1.884577132592818e-06 3.868413403982214e-06 6.231411883703067e-07 1.0000837139694187e-05 -3.6774936802333346e-07 4.439933019864227e-06 1.6138995736060292e-06 5.89122574635419e-05 9.781288908044051e-07 1.0245635204171545e-05 2.750569458934505e-07 2.262899777273006e-07 1.611834692180104e-05 6.341131589519741e-06 8.944149233275333e-07 2.853156986316761e-06 2.6883166199481513e-06 2.1330261996616897e-05 1.3824796650543517e-06 8.946022663338732e-06 4.313755544656541e-07 4.045368968498495e-06 3.913043883885911e-06 1.8550587622944369e-06 6.739389085816098e-06 9.015406425505128e-07 9.590504684209733e-06 1.3592640286799561e-06 3.1319319358908855e-06 3.8655517456089633e-07 4.927566382650062e-06
4.9129017526938854e-05 0.0016050024021553176 1.2436928558300638e-06 2.4605453513427344e-06 0.005957905519571987 -0.0004128555058171474 -1.0235557495524764e-05 7.091542004547388e-05 1.2446056662324288e-05 0.000471158575445953 8.235602762466223e-06 0.00045890090869029856 2.806651274631669e-07 2.411160986070945e-06 0.00024285983517823508 1.2907768175870403e-06 -1.7324021879168908e-06 4.730477948881495e-07 2.8626715054335195e-06 3.2853396488133184e-06 -1.404800733868324e-06 1.5226807166596449e-06 5.550642026059544e-05 8.376864556653149e-07 9.17604782993799e-06 2.4477609749344934e-07 1.9677147332186903e-07 1.5024980228152097e-05 5.669217989103696e-06 7.743237561913273e-07 2.573207044424585e-06 2.43192910401564e-06 1.9556598531063694e-05 1.2302815387905626e-06 8.138623065772091e-06 3.8031439836342045e-07 3.74567162508631e-06 3.5949852896931506e-06 1.6398009562079756e-06 6.079289992982711e-06 8.17758923258018e-07 8.868436922879487e-06 1.2460602713766345e-06 2.8838841638438463e-06 3.477501931108751e-07 4.5201421301662415e-06
6.412712304685303e-05 0.002308798895885375 1.3469626561599836e-06 2.976086051894877e-06 0.010035186487276849 -0.0005546044404550388 -1.3503887161768528e-05 9.148018047843165e-05 7.963781802578767e-06 0.00029072961512320404 9.93629633226028e-06 0.000678718537592077 1.4442056184334432e-07 1.7806712549910557e-05 0.00036299419097605274 1.578986079531503e-06 -3.3397729710725794e-06 -4.9576641199793045e-08 -2.4702978445434763e-06 2.6514250433337213e-06 2.571092583988868e-06 2.1197282294738718e-06 9.353304459964445e-05 9.90864501612016e-07 1.1197972819300852e-05 2.9719009052488587e-07 2.2571502263389239e-07 1.9286127995623572e-05 6.9104194686463935e-06 9.369633269356595e-07 3.1557255202565417e-06 2.972725391702894e-06 2.458805092527379e-05 1.4575670587474974e-06 1.0276995930079913e-05 4.5035618715657457e-07 4.742145069834982e-06 4.533040223967626e-06 1.9802291409691136e-06 7.362057108638939e-06 9.624145179303538e-07 1.1263657434581198e-05 1.4888078081539434e-06 3.427313500798286e-06 4.118744913476703e-07 5.797236639395526e-06
3.706040927957221e-05 0.0014528783036225842 7.976202789816021e-07 1.525781640774793e-06 0.00795659376412336 -0.00030054277583534714 -8.05417573021076e-06 4.576932891779781e-05 -2.391266907021056e-06 -0.00016021537694178983 5.692074676781636e-06 0.000492600037145263 -4.318549023501008e-07 -8.661909797461349e-07 0.0002386265055581144 2.165883207270035e-06 4.878830191156504e-06 1.017154405770044e-06 1.0820700653436685e-05 2.796408726007077e-06 -7.84231659561496e-07 1.8620481483688825e-06 6.865110124996794e-05 7.907244792950284e-07 9.23263348750574e-06 2.428386692824596e-07 1.9775519778303337e-07 1.695224881813652e-05 5.691766217197289e-06 7.623255241622688e-07 2.5876179795887338e-06 2.4148161446037654e-06 2.098610229580558e-05 1.2310436282417657e-06 8.919631817740097e-06 3.768749665548609e-07 4.1308147470215855e-06 3.974363176611046e-06 1.6477678388533138e-06 6.051067319501958e-06 8.268764090045229e-07 9.866193531083362e-06 1.2429733041936863e-06 2.7588592507198088e-06 3.386435271033904e-07 5.07090737515407e-06
2.2686444916820416e-05 0.0009317548512304962 8.569324869391716e-07 1.6897420052489984e-06 0.006302570445518913 -0.00018172551801808113 -5.2577714560666315e-06 2.819339396507061e-05 1.569108265411076e-06 -0.0003204198568401343 1.6671610950361896e-06 0.0003531775377508194 6.829495814533989e-07 -5.807223951458543e-06 0.00016796462040023527 2.202654863772853e-06 -4.429450125760268e-06 -3.280845219833243e-07 1.01465729980462e-05 -3.366538755585168e-07 -2.651207005556898e-06 6.293854382800044e-07 5.556483785994332e-05 6.855564238947094e-07 7.646175294936376e-06 2.2176788754713097e-07 2.1371843163222074e-07 1.4962125008179947e-05 4.770697328320224e-06 7.080653771251137e-07 2.1937847182289038e-06 2.1240322682141236e-06 1.8044485754977954e-05 1.1182889581806524e-06 7.683596485633451e-06 3.891019996765879e-07 3.619322427209535e-06 3.547005594159273e-06 1.367411424633666e-06 5.054627119033297e-06 7.402633628812986e-07 8.557436554765183e-06 1.0519181476616332e-06 2.3464521663579652e-06 3.3077802913991767e-07 4.436457369432346e-06
1.1570408982491238e-05 0.0006352979762526765 1.4494055729924296e-07 5.77233114407113e-07 0.005081081000189688 -0.00010948983639175266 -1.0880752071836913e-06 1.226461860186662e-05 -3.4450731894428795e-06 -0.000370512133687528 2.3778264542073426e-06 0.00026080447322447616 4.831883422248523e-08 -1.0994098877297923e-06 0.00011466698600648072 2.9997579891355905e-06 -1.116047155736841e-05 8.273998412503352e-07 1.2730802599872623e-05 2.1630317341924175e-06 -4.5601466014938995e-06 8.085455123862684e-07 4.737232238463927e-05 5.982385703851337e-07 6.423740036337274e-06 2.0034361094073525e-07 1.75118708095666e-07 1.3311150820637763e-05 4.046925301013439e-06 6.323490363121536e-07 1.908977874920558e-06 1.785055393287669e-06 1.573902312201742e-05 9.431628333852444e-07 6.715914076456222e-06 3.547426802832573e-07 3.1930157746234412e-06 3.100604215469618e-06 1.1735876185664912e-06 4.317385172497465e-06 6.148832669509937e-07 7.55320268642363e-06 8.738426402077898e-07 1.961063475127669e-06 2.5833963260518065e-07 3.861594747889958e-06
6.35940594054573e-06 0.0004309950869678166 5.2805368059393514e-08 3.4842505747579817e-07 0.004079705440203688 -7.102266203864348e-05 5.365093033926926e-08 9.432880868157997e-06 -3.5796656040421843e-06 -0.0003751610735801417 2.038169050653197e-06 0.00019260705774105412 -2.586080644388136e-07 -1.989102154090781e-06 8.653013472067591e-05 1.582333404016371e-06 -6.325591365479826e-06 -1.3278031214090869e-06 -3.475451309565423e-06 2.894966153132563e-06 -6.510568639068977e-06 -1.7202020195877037e-07 4.0111667933125024e-05 5.47138313348035e-07 5.415149349972055e-06 1.7446960998508334e-07 1.587888615225579e-07 1.1850981563103065e-05 3.5465001978083574e-06 5.857127034798431e-07 1.6579303592301308e-06 1.5704602099068077e-06 1.3779787929271445e-05 8.853426737774326e-07 5.985994655672005e-06 3.009112103291925e-07 2.817607571672883e-06 2.7425063569280205e-06 1.1512355432506482e-06 3.870111311704614e-06 5.601067306584369e-07 6.750531543379767e-06 8.511311052410886e-07 1.7315477712050712e-06 2.441253169633834e-07 3.446943807137567e-06
7.1236667211851436e-06 0.000503007897917104 -2.8490732790289913e-08 3.6010289026754023e-07 0.0058801136838595005 -6.475125728620549e-05 -7.38041975423614e-08 5.023277367778571e-06 -6.728635651347758e-06 -0.0005869821568894346 1.6343831724821321e-06 0.00024389483184883095 6.637032241996166e-08 -6.284200393000265e-06 9.923896289925031e-05 2.2132485700999786e-07 2.4796898195156328e-06 -8.76734193271421e-08 6.906325378149065e-06 3.0884807215836076e-07 -3.4474541704911694e-06 2.659389826869092e-07 4.639593703730133e-05 5.328286880044577e-07 6.0414812180840265e-06 1.8484101835591458e-07 1.7733460310205885e-07 1.4091233803321768e-05 3.815815167898057e-06 5.776725547998208e-07 1.8053637762795927e-06 1.715032308879731e-06 1.5954079015650847e-05 9.153816794304043e-07 6.912760002069318e-06 3.4198591347434407e-07 3.2824000271455168e-06 3.220857890176923e-06 1.1621895331183253e-06 4.180799968363329e-06 6.423617595605926e-07 7.95656900078611e-06 8.95425656380591e-07 1.8974949321273542e-06 2.669076678470851e-07 4.118537521780371e-06
2.4844667823082544e-06 0.0002371467677235148 1.3960702235872236e-07 3.6875424512037006e-07 0.0037393326413642748 -2.632250901595782e-05 8.63461437810877e-08 1.4753198538100337e-06 -3.036528663605349e-06 -0.00046806462317103894 1.2809367509172768e-06 0.0001291022418624366 1.7644651203517243e-07 -1.1842455376439144e-06 5.6042319874085325e-05 1.3307594029123014e-07 2.81185024771994e-06 3.9624303721318764e-08 7.79577886749324e-06 1.355730920856298e-06 -2.4428649049393567e-06 6.714600861322925e-08 2.551028003293903e-05 4.6123790391227215e-07 4.462031213369716e-06 1.576792301581843e-07 1.4875348399277927e-07 1.1147373628355233e-05 2.9547240655090746e-06 5.324157750171626e-07 1.4246003008638818e-06 1.3558865734753762e-06 1.2341539365243738e-05 7.852599814934337e-07 5.5203189957465e-06 2.7773592595172875e-07 2.6188540185292587e-06 2.5874756548360353e-06 1.00438588191649e-06 3.2840563168875884e-06 5.556088696444054e-07 6.305415144584115e-06 7.671133850513267e-07 1.454564263402314e-06 2.1697139245882008e-07 3.233378556072914e-06
2.9212992493668305e-06 0.00023915417260606697 4.497529611211e-08 3.4772291605751163e-09 0.00747901080269062 -1.8725919769128466e-05 -5.091878140200234e-07 -1.4026057460737154e-06 -7.51404220604694e-06 -0.0008633084934926348 2.2250998376428326e-06 0.00015557875151126107 -4.3957655342732157e-07 3.922236294458093e-06 6.154104817596108e-05 1.2622173568171037e-06 -5.156659002951033e-06 7.712563364739181e-07 1.2836841102112667e-05 -1.9608533446943478e-07 -2.349622165726399e-06 3.0728212004187446e-09 2.4763842501460178e-05 4.989005279999702e-07 4.92295535397891e-06 1.7943901688611325e-07 1.8221112233515853e-07 1.544689195832467e-05 3.3157417004151363e-06 5.929540950517371e-07 1.5735243890917215e-06 1.5742980411175011e-06 1.628897588282023e-05 9.226101233950684e-07 7.426051193478476e-06 3.3584216699636167e-07 3.478056732229498e-06 3.434544706917757e-06 1.129729613649361e-06 3.6605461849935067e-06 5.853954477953137e-07 8.398461418523075e-06 8.48836977839803e-07 1.5959609551509709e-06 2.936581112201327e-07 4.406742429368598e-06