=== costheta bin 0.8-1.0 ===
For each bin: first 23 entries are fitted EFT parameters, next 23 are their uncertainties.
0.0003607498721579166 0.0012826350233253218 0.00023832001136365246 0.000351389732211111 0.001857815196618404 -0.001354924898859094 -0.0005834861751118535 0.001108257607984235 0.0013367116585880435 0.0030874937035693293 -0.0006951544994666925 -0.0016132822773309648 0.0005765117525440611 0.0013293350539245778 0.001613629846041794 -2.5572076257285075e-06 7.849960772252167e-06 8.787350492526264e-06 1.649172185975052e-05 -4.988921807772076e-06 1.3204277856982203e-05 7.37658223211736e-06 2.4281089540642482e-05 1.3650721628971613e-06 6.508121096424919e-06 5.709242386540323e-07 6.660569111216519e-07 8.112284710294336e-06 5.2571465331048315e-06 1.6769191205879274e-06 3.2297488567254523e-06 3.673620123448645e-06 1.1630385587030165e-05 2.424400345585573e-06 5.7539691547440016e-06 1.0519159677945913e-06 3.5924460686382113e-06 4.161651087884143e-06 1.960764474996345e-06 4.898303871995804e-06 1.904564819396931e-06 5.467658729959725e-06 1.266434329391195e-06 2.077938775887164e-06 8.484919064096564e-07 2.792429065699817e-06
0.0005730130701954493 0.0020452059925044285 0.0002870451654711068 0.0003994290758178379 0.0028725821407547475 -0.0021539384825286375 -0.0008065608978143888 0.0015296072248886423 0.0017942223990087258 0.004829408955857028 -0.0009368835663895135 -0.002518901784712766 0.0006752551555041068 0.0018078071065362326 0.0021378624168920174 -6.4362085402440035e-06 1.8821935797124772e-05 1.2335273695940946e-05 9.063432075195238e-06 -9.721314123455453e-06 2.6188105792512314e-05 1.0852323044984252e-05 2.517808527885726e-05 1.699003557138789e-06 8.026210817325408e-06 6.312124062401889e-07 7.182278395587592e-07 1.0014653411626964e-05 6.330917753980858e-06 1.9088420728960562e-06 3.677295072198223e-06 4.06611714331267e-06 1.430568637261204e-05 2.695146271900757e-06 7.13531559575786e-06 1.1431704001605023e-06 3.972149049689413e-06 4.599053281280712e-06 2.455526071558054e-06 5.845724426405475e-06 2.0315228214539813e-06 6.798581289142668e-06 1.5482743159408596e-06 2.6760488684770525e-06 8.990180011764081e-07 3.4470596704584697e-06
0.0006862701579126695 0.0024839964213706845 0.00024819913924634856 0.00031920203251064976 0.003182818960712709 -0.002595736786371313 -0.0008203937952899011 0.0015639826517927565 0.001767943650304196 0.0055876356368559236 -0.0009157305723107205 -0.0029053964854249686 0.0005609545500730407 0.0017670209532022927 0.0020130345388889997 -4.682944458450152e-06 1.1263736448754305e-05 1.4113531306348584e-05 1.0371764245257742e-05 -1.3146396434657672e-05 2.7718173043313722e-05 1.0201703509945506e-05 3.281133642656919e-05 1.869290647675155e-06 8.612498283182644e-06 5.92323102850238e-07 6.44524061143128e-07 1.0450256159032523e-05 6.774522268226996e-06 1.8821486572457265e-06 3.61407121571374e-06 3.82280263934493e-06 1.5149390423390032e-05 2.5343034652754015e-06 7.348455934645736e-06 1.037442820586389e-06 3.866096428343386e-06 4.369100851600266e-06 2.5840976013835404e-06 6.082466268576262e-06 1.873204175020908e-06 6.678668423770483e-06 1.5482689471157303e-06 2.852717907341098e-06 8.162336480940982e-07 3.476645003567531e-06
0.0007975538202571581 0.002867474456611115 0.00021265028588102113 0.00024489138914491145 0.00329854385469171 -0.003014207164114876 -0.0008197469266396526 0.0015621248293740098 0.0016704732270567209 0.006128529345948192 -0.00086566102072542 -0.003189205900978471 0.0004544250097103217 0.001665900857110132 0.0017973199861752122 -4.792451795596685e-06 9.276939995986074e-06 1.240434729298483e-05 1.364260723885257e-05 -1.6560101833235648e-05 3.3339279653972004e-05 9.889640805969744e-06 3.4870979095019764e-05 1.992707605783593e-06 8.94830344827957e-06 5.4116825459585e-07 5.641080672452947e-07 1.0489945774443959e-05 7.0847135272173645e-06 1.857381525777301e-06 3.480162178104744e-06 3.554527035639605e-06 1.5522289187346116e-05 2.383882116003608e-06 7.569777843907837e-06 9.252728325845739e-07 3.6668008779006327e-06 3.986781551232744e-06 2.6593220307245848e-06 5.8075330040810074e-06 1.7162122923057534e-06 6.426714220278744e-06 1.5299565099976852e-06 2.6660435136739894e-06 7.398976521209685e-07 3.304077416049738e-06
0.0009719120042181753 0.0033745098278340074 0.00018649906289069294 0.00018456338384756918 0.0032661131223502725 -0.003610628582886933 -0.0008477034351091291 0.0015846952867414731 0.0015680002605246955 0.006609991379329328 -0.0008325232559170663 -0.003514005527598179 0.00036929044267839886 0.0015556616049563147 0.0015534235127848616 -1.3215621459266894e-06 4.868480918887902e-07 7.82635517744389e-06 -4.0324042084479444e-07 -1.8256811826692997e-05 3.105745474515832e-05 8.611782828818397e-06 3.7880283827316714e-05 2.192386730242624e-06 9.633632266137235e-06 5.221698876254697e-07 4.987714262001252e-07 1.0422090678386218e-05 7.630844984687323e-06 1.9059756518808464e-06 3.5290741108996186e-06 3.462646689078836e-06 1.6206557030876974e-05 2.295865292059724e-06 7.877156978445184e-06 8.546695352570621e-07 3.6739728243391304e-06 3.721297758967385e-06 2.891071341213408e-06 5.998203451303033e-06 1.5252596746126736e-06 6.45094012319536e-06 1.672993873826598e-06 2.6412808302606686e-06 6.650156268274185e-07 3.3184841988030712e-06
0.0013046190847056985 0.00420915459359033 0.00017919936976686145 0.00013898799425133518 0.003237796887055222 -0.004659514496102585 -0.0009618829986539909 0.0017335880343750975 0.001512452215775157 0.0073229744585253075 -0.0008260722083412031 -0.003998087880119577 0.0003128087752025667 0.0015105978217750937 0.0013428570940027826 -3.1839507761786855e-06 4.660747142390689e-06 9.315129294368314e-06 2.687049284358245e-06 -1.881356425042733e-05 2.9827922468980713e-05 6.561678731781626e-06 2.548914153769285e-05 2.5484975020739518e-06 1.0868087657728906e-05 5.269690392236278e-07 4.4967426310503546e-07 1.0626600760389453e-05 8.74763520373297e-06 2.064541604466747e-06 3.7194189902224994e-06 3.5581329725789373e-06 1.7382054920185855e-05 2.4523477759840096e-06 8.997745032457232e-06 8.292430756744955e-07 3.734862278191368e-06 3.61409672284821e-06 3.4147915395669067e-06 7.065292485200554e-06 1.471839816636965e-06 6.962013422431202e-06 2.0219823360614295e-06 3.3059897298318627e-06 6.132927307313141e-07 3.703049864513834e-06
0.0013560399609836256 0.0045761004910601045 0.00015190476522102333 0.00010553170893740499 0.003103801354174031 -0.004931136232317357 -0.0008961779291230353 0.001671055396245734 0.0013531290276207607 0.007360417592632216 -0.0006979357249146979 -0.003811094838545752 0.0002467366727418382 0.0013410252055488865 0.00114268926344128 -6.835076962153652e-06 3.266391056742867e-06 6.08491413475547e-06 9.41875788901356e-06 -1.9669851427573252e-05 3.645600984839073e-05 5.474733527617077e-06 2.962535466866791e-05 2.640355608873227e-06 1.1629356472341213e-05 4.934888792177601e-07 4.139807338080147e-07 1.070852394676957e-05 9.316560942068879e-06 2.0557087245876964e-06 3.81893525606659e-06 3.5772054670114123e-06 1.8188496698477947e-05 2.4625107774001974e-06 9.542688786671333e-06 7.694420333601766e-07 3.7903056063694675e-06 3.4067195732820426e-06 3.543159767985379e-06 7.47802803480847e-06 1.447795128157552e-06 7.077347029471997e-06 2.1033614358321464e-06 3.474938787208591e-06 5.602443040526593e-07 2.9991559466857995e-06
0.001244510073002605 0.0045775001668392126 0.00012261789927640892 8.05439255227884e-05 0.002980478164987101 -0.004676070585487458 -0.0007642331418411729 0.0014992063035141098 0.0011504548822662693 0.007022976900218628 -0.0005451371592385752 -0.0033426414181271665 0.00018831225661195968 0.0011492342925538816 0.0009785310886350452 -1.2943639847165082e-06 3.8887977088870505e-07 4.610870741499724e-06 -2.5695290878227636e-06 -1.7868081231537446e-05 3.202151823353795e-05 4.866559485568042e-06 3.3039272835036085e-05 2.5706626909690694e-06 1.1682471229327104e-05 4.5825344589965754e-07 3.8321857740803217e-07 1.0830997976206787e-05 9.260081124090956e-06 1.9821713041861176e-06 3.7782623171154894e-06 3.542061648812005e-06 1.8429094845199178e-05 2.390746874650167e-06 9.634444525517032e-06 7.15890165353798e-07 3.7375605758885276e-06 3.3164762377426234e-06 3.4484725562368512e-06 7.575083438986946e-06 1.395059972922186e-06 7.195252075986393e-06 2.119361009276724e-06 3.5448511660779387e-06 5.192731572629297e-07 2.927196432690675e-06
0.0010807116312215568 0.004364104563492055 9.524921239930002e-05 6.145491589041673e-05 0.0028575028055558872 -0.004222354973802918 -0.0006238350639145808 0.001288344024039442 0.0009534764630969475 0.006465208670560563 -0.0004122405398435132 -0.0027897944630802425 0.00014031781204094937 0.0009522436064655225 0.0008379863997260851 1.5955204739199415e-07 -1.0799682441070165e-06 3.964425563812239e-06 -6.282902191682826e-06 -1.1693764229479699e-05 2.8361387830632198e-05 4.049128423519127e-06 2.6351483288814867e-05 2.4301915962992297e-06 1.167318251064464e-05 4.246791802010853e-07 3.5608410343163153e-07 1.0906107716828794e-05 9.03387491257648e-06 1.8576400386580016e-06 3.6422151588623106e-06 3.4288180576686197e-06 1.8348055665574422e-05 2.261266814426743e-06 9.638539109865915e-06 6.718451817083954e-07 3.6191652463134004e-06 3.1827884264868318e-06 3.287907983374618e-06 7.57063161040349e-06 1.3062191096434552e-06 7.268209398220132e-06 2.0467135828899226e-06 3.502372094055932e-06 4.77949685934102e-07 3.306239662707575e-06
0.0009129053594662618 0.004084264848641498 7.187000367419983e-05 4.8170922581580794e-05 0.002685901827243569 -0.0037278118166174943 -0.0004949681395554597 0.0010817635907117357 0.0007788879399018699 0.005815668201076814 -0.00030365055518366286 -0.0022713212671942665 0.00010343987926565937 0.000773971624921666 0.0007215393501325058 -6.256789680510822e-06 1.515134222801066e-05 4.7295034204832834e-06 7.752534099774573e-06 -1.2591904518167411e-05 2.3480389554743513e-05 3.6081626509875407e-06 1.992687709284361e-05 2.2671759361824374e-06 1.1474470088383776e-05 3.9728681523162954e-07 3.3599602528798906e-07 1.0759977763671182e-05 8.645709573896325e-06 1.7251383183974008e-06 3.454343092357118e-06 3.3114204369973595e-06 1.8261369084804982e-05 2.1150935865111506e-06 9.423689327722522e-06 6.30925187971992e-07 3.462517305133434e-06 3.1129232802620246e-06 3.0419659836530614e-06 7.533276629402185e-06 1.2380055229477195e-06 7.6133230217459734e-06 1.9091509034319874e-06 3.5067639496373504e-06 4.3930174162935155e-07 3.394612254579234e-06
0.0007600271215991412 0.003715699593812473 5.469309900414049e-05 3.755634821818023e-05 0.0025564051252030206 -0.0032328680236584934 -0.00039086785787892874 0.0008993133948122804 0.0006249964746698985 0.005178228603670438 -0.000219104881952693 -0.0018316038116693576 7.570307146147552e-05 0.0006312075219079238 0.0006216760546181279 -5.462736169966605e-07 8.381409979123241e-06 2.4160571121848547e-06 6.850264265690438e-06 -5.35052148203131e-06 2.3834216103217714e-05 2.6748993983613135e-06 2.41195101065549e-05 2.092866648130271e-06 1.111756086365396e-05 3.8256235896369896e-07 3.152573378015351e-07 1.0615801910641636e-05 8.154416215544594e-06 1.6082406203870518e-06 3.26051358925695e-06 3.156575496632583e-06 1.7643303134174714e-05 1.98651045270211e-06 9.036726532187283e-06 5.909347631283076e-07 3.413487701644093e-06 3.0308251705673205e-06 2.875544349695357e-06 7.125156469921803e-06 1.1833208350744657e-06 7.237856790969381e-06 1.8429840625055522e-06 3.3988257215919164e-06 4.264132947157173e-07 3.323152141962697e-06
0.0006261004118970232 0.0033943872591199577 4.135589076373958e-05 2.980061879352221e-05 0.0024161549992953732 -0.0027817035978847456 -0.0003068825481446067 0.0007489420598710747 0.0005110903021113351 0.004629776877113038 -0.00015932216834295545 -0.0014583373138880719 5.677246343234134e-05 0.0005089418917299115 0.0005362246589494802 -5.763381445105639e-06 8.877430772991784e-06 2.117023761935973e-06 1.9050645934089445e-06 -7.803366274719982e-06 2.0832708850069848e-05 2.3382217551716992e-06 2.514354005678357e-05 1.9219028869258687e-06 1.0704338376216176e-05 3.561705304932042e-07 2.899094981502479e-07 1.0350096307454612e-05 7.658937984639894e-06 1.4710742672024823e-06 3.0732131701696503e-06 2.981109518542122e-06 1.7191010193626097e-05 1.8182613222512718e-06 8.593540769482645e-06 5.378647828939331e-07 3.2757800850254467e-06 2.9210448058331953e-06 2.644039855764717e-06 6.802709881871992e-06 1.0943525896766147e-06 7.059450395398581e-06 1.7056078223510787e-06 3.2624026251126516e-06 3.963008868369039e-07 3.3348246345580232e-06
0.0005136048263802414 0.003056944898635964 3.13411988301125e-05 2.3675840863258006e-05 0.002294686670127958 -0.0023822034843165693 -0.00024109823042595303 0.0006189128346454178 0.0004090904402589874 0.004064994993072264 -0.00011507575774344218 -0.0011416939198368547 4.149531491484075e-05 0.00040837900884167414 0.00046660490650466465 1.1440253635773967e-06 -6.193071075015524e-07 1.6381062654256432e-06 4.736699276379249e-07 -4.572281424629149e-06 1.6983462028544584e-05 2.0629240803476976e-06 1.8458472950871153e-05 1.759921924367092e-06 1.0224196741622862e-05 3.287530470061156e-07 2.693815582996907e-07 1.0148045268576438e-05 7.2264115678005945e-06 1.3500191768687906e-06 2.9089840634171903e-06 2.8103380237894753e-06 1.6690521403930043e-05 1.6795436196503154e-06 8.143994906388854e-06 4.924256646475411e-07 3.132979471659995e-06 2.8292349345208794e-06 2.462311445614784e-06 6.459940937861655e-06 1.0193537216238985e-06 6.880424254850904e-06 1.6102500431762718e-06 3.1463177890978856e-06 3.7103611144108314e-07 3.274819218750826e-06
0.0004158603650671803 0.0027352097086108438 2.3739198782271708e-05 1.8416312830281222e-05 0.002157858901639497 -0.002023539502112612 -0.00018690780195847976 0.000507772674192304 0.00032774786699221167 0.0035487581065552615 -8.177226916693859e-05 -0.0008918215553064909 3.0351235033312356e-05 0.0003337225526131332 0.00040289256750397466 -3.6586036541290826e-07 5.183860424183463e-06 3.958697414317837e-07 2.1255168919937147e-06 -2.4866176453596747e-06 1.187435545083696e-05 1.1333916703611961e-06 1.7128782674382976e-05 1.601311963198799e-06 9.731941709928501e-06 3.1371084803037055e-07 2.440165735861286e-07 9.843451139575042e-06 6.758348919985617e-06 1.2598830942094967e-06 2.720539998253051e-06 2.635470849062334e-06 1.6095326572140065e-05 1.5178939396297222e-06 7.693887547671145e-06 4.4850811266746934e-07 3.02150517020615e-06 2.7105132367661344e-06 2.2692380837350865e-06 6.091593529851031e-06 9.365875184513468e-07 6.613385068231554e-06 1.5065748705072275e-06 3.001593617830635e-06 3.546306853001078e-07 3.17262111395243e-06
0.0003390175750129689 0.0024280789013306505 1.746499697729447e-05 1.4495257747437106e-05 0.002022108127862784 -0.001714837399323457 -0.00014411325327126512 0.00041075289651361596 0.00025390465018688805 0.003026324526496683 -5.3198168388651745e-05 -0.0006585239334329011 2.144644370062792e-05 0.0002571092072604046 0.0003466915476349822 -5.243051955231745e-06 1.2709592278509377e-05 3.776707015902291e-07 -5.142399773603683e-06 -2.8989320794570407e-06 1.57051789849131e-05 1.0456538647449578e-06 1.548299007142515e-05 1.4574328601810552e-06 9.289394111128171e-06 3.023976883369622e-07 2.3596512386640176e-07 9.558715952745722e-06 6.319230003902554e-06 1.1617363351122516e-06 2.5492300240711217e-06 2.472835807158457e-06 1.552087545224256e-05 1.426237795411781e-06 7.273641583997877e-06 4.5021580763790305e-07 2.904831388562501e-06 2.618994452322651e-06 2.0901659654176855e-06 5.722884107091301e-06 8.872005139898621e-07 6.440778624584829e-06 1.3799481582566528e-06 2.8418550687607236e-06 3.310195638949459e-07 3.0895040323329725e-06
0.0002745415963227591 0.0021861062878604813 1.3300186970298904e-05 1.184245635244959e-05 0.0019030173546559896 -0.00146544630671372 -0.00011317527748958047 0.0003431826118652633 0.00020801821810234106 0.002658156222602913 -3.828493752278865e-05 -0.0005138671293482445 1.5997132773129676e-05 0.00020893255247951106 0.0003041847207573289 -5.161706109501653e-07 4.57528442695305e-06 1.187582504638119e-06 5.048383390019422e-07 -1.1715258461770416e-08 1.2899546910538629e-05 1.313397013495331e-06 1.4524702258767517e-05 1.3191899128488056e-06 8.819272671711603e-06 2.759431964492259e-07 2.1891314350640975e-07 9.236877528022708e-06 5.937391040710387e-06 1.059686250246761e-06 2.4048296601447565e-06 2.3353305974570724e-06 1.4914979765474633e-05 1.333727636192977e-06 6.8352234144514e-06 4.066331808253266e-07 2.765700192372462e-06 2.520216362770277e-06 1.929593704991945e-06 5.393406014014631e-06 8.293727342274695e-07 6.143518098040991e-06 1.28919384104028e-06 2.6966699720962495e-06 3.1360684558530993e-07 2.9991729976973764e-06
0.00022650654309842318 0.0019194906311138947 9.980383210189427e-06 9.48873555753371e-06 0.0018002839859887043 -0.0012340447961664718 -8.9049538446135e-05 0.00027833846776975846 0.00016386394963842032 0.002285329246058748 -2.5879014749981795e-05 -0.00037794069979120914 1.1471105712848588e-05 0.000167383941432892 0.0002649481338670809 -1.4010651309184693e-06 9.233288037896551e-06 7.1748001416136655e-09 6.133938327747656e-06 -1.386325076120201e-06 7.179563754265799e-06 6.563335101999184e-07 1.1774898629595408e-05 1.2199981762153985e-06 8.32068986751447e-06 2.4627533437258197e-07 1.9746939712134612e-07 8.9685967210851e-06 5.560146697744069e-06 9.673406359162827e-07 2.243261505753516e-06 2.188491290363348e-06 1.4283909197152589e-05 1.2454232450083207e-06 6.435356735468297e-06 3.644774633028476e-07 2.6052200947004487e-06 2.4065079034387903e-06 1.774733263060545e-06 5.143678370189934e-06 7.660639300894154e-07 5.865418069707127e-06 1.1688190690637627e-06 2.567055799367346e-06 2.9821186475448476e-07 2.8658744475741127e-06
0.00018276970413182728 0.0017072588446511723 7.651508247940321e-06 7.667442562336226e-06 0.0017089963572743416 -0.0010497086774744898 -7.04635782867737e-05 0.00023521600534627093 0.0001351566788193018 0.0019998819986130293 -1.8610885885258647e-05 -0.00028833869645189124 8.74353797750956e-06 0.0001356807408944628 0.0002322133896529853 -1.9529585231812222e-08 5.500278225309761e-07 2.412823094321518e-07 -3.7794998240731898e-06 6.531861538287745e-07 5.647232706730069e-06 8.483838748113823e-07 1.3789093545812485e-05 1.095420488877351e-06 7.873276258811612e-06 2.2721139896699743e-07 1.8928257453277468e-07 8.675166006904423e-06 5.10073409585968e-06 8.796913666541907e-07 2.088598117012249e-06 2.058274707475247e-06 1.3663885709470242e-05 1.15036778842453e-06 6.0452795141323484e-06 3.593882996637854e-07 2.486076730846651e-06 2.3186449978308967e-06 1.6390798301047098e-06 4.798458319937528e-06 7.190145774749787e-07 5.5524205657565465e-06 1.0793316849334864e-06 2.4332045771091917e-06 2.7825263705294134e-07 2.782596172252791e-06
0.0001513533518033102 0.0015054924008652852 6.104567560230793e-06 6.411118959667979e-06 0.0016122318282312908 -0.0008969246442669738 -5.648098147734891e-05 0.0001910041049416038 0.00010601273915976317 0.0016913648368369586 -1.324991198505007e-05 -0.00021698771339370614 6.7786188056125125e-06 0.0001111875590926826 0.00020455246269162822 -1.1428319479267358e-06 7.643020547347043e-06 6.282980637128308e-07 6.701912182133688e-06 -1.9080739972606022e-07 6.199677917205936e-06 8.910202439105881e-07 1.6431345030057523e-05 1.0203715462317265e-06 7.474180726812764e-06 2.1546696069272254e-07 1.7538578565883334e-07 8.411477541829346e-06 4.8552714130033046e-06 8.223443581812216e-07 1.981093694178039e-06 1.952128521789099e-06 1.3129844916390668e-05 1.0500102744202483e-06 5.7601879062880085e-06 3.2342540734247437e-07 2.3784085429082085e-06 2.2384215982059893e-06 1.5146351986376117e-06 4.527013908248208e-06 6.572779813025745e-07 5.361107566223199e-06 1.0238129233574824e-06 2.338107233140758e-06 2.640827057133155e-07 2.6857927305342418e-06
0.00012285236130625906 0.001335414814503592 4.188349654692232e-06 5.647058771041073e-06 0.001527115370035726 -0.000752784023941416 -4.306879461493722e-05 0.00015498719532452198 8.653131706163422e-05 0.0014784308389701511 -8.29889824560413e-06 -0.00014083574206020597 4.893857309428233e-06 8.700079410867536e-05 0.0001843709739939021 -8.580231042100446e-07 6.367932786745648e-07 -3.3589437069244006e-07 -2.4615093228716505e-06 -2.9185406903494846e-06 6.832818569707547e-06 3.291895624469237e-07 8.43463051674619e-06 9.255357271456624e-07 7.03502470768968e-06 1.9583850474652263e-07 1.6541453263215805e-07 8.144978271210894e-06 4.570206194136094e-06 7.51192752278099e-07 1.85049333926271e-06 1.8454108751308548e-06 1.2544354738412358e-05 9.562585349082251e-07 5.381532320362649e-06 2.952005210858406e-07 2.2491227373076784e-06 2.144873531196162e-06 1.3483792864972893e-06 4.290938246377409e-06 5.967432476945138e-07 4.995574527043005e-06 8.942806762459893e-07 2.1733663110813957e-06 2.458427225035561e-07 2.5753237547525275e-06
0.00010321814421914752 0.001176419875599752 3.638012923388664e-06 4.475756992256681e-06 0.0014465883430737274 -0.0006501802587284665 -3.586491975377069e-05 0.00013209907954917123 6.642561709201685e-05 0.0012651130230707012 -4.8683390120461075e-06 -9.93699602144012e-05 3.926993292260602e-06 7.085719905308817e-05 0.00016163049402070483 -3.648458514234725e-07 3.093605099394821e-06 -1.6966545701817219e-07 6.218177295389377e-06 2.2242900999344761e-07 4.458696333154626e-06 7.6536984090485e-07 1.4712612246855157e-05 8.667728825305653e-07 6.705836297657906e-06 1.913612613562124e-07 1.5833216206180945e-07 7.900676241878025e-06 4.334335215645198e-06 7.151199663348228e-07 1.781929892780001e-06 1.7459942117740547e-06 1.2061858355739361e-05 9.212750569204693e-07 5.1570347158500795e-06 2.9533332704737676e-07 2.1774584738765045e-06 2.0609047206352076e-06 1.31039341912026e-06 4.0935635914289195e-06 5.882951661459858e-07 4.914020369360859e-06 8.873005913721975e-07 2.054125815760129e-06 2.352096720374627e-07 2.471559804776386e-06
8.768101490599327e-05 0.0010354463661779631 2.847718358199022e-06 3.283071848273154e-06 0.0013668010524177162 -0.0005556992773629107 -3.0133908513218352e-05 0.00010978221921101687 5.160384788352817e-05 0.0010698859324078172 -2.8381885362779104e-06 -5.925878968086568e-05 2.3501449001610315e-06 5.543971580328079e-05 0.00013709540988311584 1.874414760218541e-06 -1.497950256760052e-06 -1.3662833826279838e-07 1.0606222979474355e-05 2.5323747205882204e-07 4.919047096410826e-06 7.63802963608532e-07 1.2794806610988844e-05 8.098714558073785e-07 6.355070634724633e-06 1.8593283576992607e-07 1.4845405799172715e-07 7.680927952657819e-06 4.073920265829444e-06 6.717327118631154e-07 1.721178181905986e-06 1.663108002842303e-06 1.1516514293129999e-05 9.217138302726611e-07 4.944261843235062e-06 2.737482958116679e-07 2.1049928239403066e-06 1.973385841543479e-06 1.3091048325995418e-06 4.018597247124157e-06 5.906979260577627e-07 4.782921358615174e-06 9.434567074819797e-07 1.939897813179681e-06 2.2576684806232176e-07 2.414533515247324e-06
7.042298086623638e-05 0.0009224245115375216 1.8809742046775587e-06 2.7563408908888646e-06 0.0012821031406636035 -0.0004657885182554785 -2.2399554030669083e-05 8.780828057635288e-05 4.20932007151698e-05 0.0009215928326499862 -1.889916516809329e-07 -2.068908813754468e-05 1.5186557698899774e-06 4.1472056193405633e-05 0.00012250802683676966 -3.170852930048765e-07 6.040957621625211e-06 7.185383563985361e-07 1.0807718228144361e-05 -4.981092514953768e-07 6.016971037435292e-06 7.312220845004147e-07 1.2294465245538526e-05 7.357516584293182e-07 6.0426779098413595e-06 1.6358300056538884e-07 1.3906432045547164e-07 7.4178437011173644e-06 3.798860254504869e-06 6.02587897849787e-07 1.5806261373747615e-06 1.5548924833842727e-06 1.1059459993962599e-05 8.369528187992351e-07 4.638941366698877e-06 2.5842739688002567e-07 1.98233766911286e-06 1.893685981707064e-06 1.1798784493689042e-06 3.7510020059174283e-06 5.622166106246719e-07 4.560927609905557e-06 8.707335767807396e-07 1.831261903202552e-06 2.114581557276857e-07 2.291012676752608e-06
0.0002902396706744486 0.004198242854899906 9.58050298374727e-06 1.30734291569551e-05 0.00612244358909424 -0.001906083688610866 -8.996214576513509e-05 0.00039611849255759805 0.00019028836008420832 0.0040218411950790935 5.292325362397514e-06 0.00013687234026042876 9.078302207633423e-06 0.00019481094786850896 0.0005730410187087096 -3.0191259252494233e-07 2.380725505551499e-06 5.4404573646017855e-09 -8.292858026932254e-06 1.9991880427040177e-06 1.4263411736044306e-05 2.4812888717339873e-06 5.8588922257578556e-05 1.636983131776824e-06 1.3202025945728974e-05 3.7834392910067473e-07 2.99566982824979e-07 1.6246390041801872e-05 8.482770573660598e-06 1.3504959546273149e-06 3.6426000418147044e-06 3.4483242608637093e-06 2.4206632961635245e-05 1.8462059006317852e-06 1.035821383867275e-05 5.54042981062e-07 4.4557362428454485e-06 4.1815532645076385e-06 2.5540709369737637e-06 8.6680579649642e-06 1.1784469375137383e-06 1.0165889701382075e-05 1.7125912652777759e-06 4.059130009573411e-06 4.7402698170644684e-07 5.109628078110464e-06
0.0002435116613682803 0.003720169629262586 8.046038106369452e-06 1.1420903888020566e-05 0.005739738481634462 -0.001630762021249151 -7.281836657817028e-05 0.0003304693365665563 0.00015414859298608702 0.0034776180938841618 8.068362419497897e-06 0.00019865565543682342 7.79823307293556e-06 0.00015384417335563642 0.0005078425309599254 1.9963442996422095e-06 -6.0774959684096535e-06 1.8245171453170746e-06 1.670270707350401e-05 1.7649507720638853e-06 1.380268257285701e-05 2.065610615764958e-06 5.180883722740425e-05 1.5220017003397985e-06 1.2534169756677298e-05 3.5430959121299866e-07 2.835679515478942e-07 1.564650091482517e-05 8.033834578058733e-06 1.2620113754812384e-06 3.4631451406575125e-06 3.2571116311380143e-06 2.316150966670941e-05 1.7479792767514788e-06 9.896558085547427e-06 5.222750426196359e-07 4.283525775241862e-06 4.03396970704526e-06 2.3592998598701926e-06 8.175138165196295e-06 1.092611589129318e-06 9.799573212439095e-06 1.5679052178878492e-06 3.856830103103477e-06 4.524797547712626e-07 4.9218112925644135e-06
0.0004536643542148102 0.007594122729767559 1.2749060828508782e-05 2.1279268904423662e-05 0.01289106610806621 -0.003162137067676363 -0.0001277877583891052 0.0006225135576856654 0.00028047998456953173 0.006752949000963669 2.505949013038041e-05 0.0006036193686881344 1.1623005973760244e-05 0.00027531307640832895 0.0010534186341922458 -4.8573546952971e-06 1.1243875952937015e-05 3.0795365393952446e-06 2.523606780233586e-05 5.740170900022288e-06 2.8162472514817203e-05 4.2159661091197685e-06 0.00011135413047954586 2.1235404228255094e-06 1.8113360207631878e-05 4.998921499943343e-07 3.94251480277384e-07 2.3272844302502708e-05 1.1426014638790431e-05 1.7746452308897426e-06 4.97264064702124e-06 4.652391188418018e-06 3.4005090202671135e-05 2.525841346848441e-06 1.442693965355502e-05 7.207018271597624e-07 6.253580071493826e-06 5.940219945202894e-06 3.3823151582397158e-06 1.1831564299563836e-05 1.5816005973172007e-06 1.4427984883416278e-05 2.2939703527432994e-06 5.5147113590114656e-06 6.642217639604791e-07 7.303387751562309e-06
0.0002955869683197969 0.005751190986009424 7.680731946191851e-06 1.4341151283184048e-05 0.011317268648607562 -0.002157597482419265 -7.546406495027441e-05 0.0004066955284167332 0.00016083707129311683 0.004571692390377013 2.4114989581719858e-05 0.0007221631111002959 6.706259314282695e-06 0.00015959052946605952 0.0008011546233904704 3.8294831800621645e-06 1.096644467343463e-05 1.0239789764892516e-06 6.017651647811065e-05 2.9967385300608625e-06 1.4238316226646853e-05 2.834198996911837e-06 0.00010244006807933603 1.7845313997268283e-06 1.605194946370008e-05 4.3300417165725756e-07 3.4266883440825854e-07 2.1582036393705352e-05 1.0074513207060384e-05 1.517673649767465e-06 4.429502306543838e-06 4.126261593910931e-06 3.0824962997589164e-05 2.2102831112827253e-06 1.3012787300340034e-05 6.130652197051046e-07 5.718482858128113e-06 5.435926720969359e-06 2.9666443303516353e-06 1.049339611284784e-05 1.385715147485944e-06 1.3212821150173924e-05 2.0812581862559687e-06 4.904348467784225e-06 5.902818538018092e-07 6.727318766925527e-06
0.00019604678096130177 0.004402996875559 4.286495502159877e-06 1.0532910074962434e-05 0.009925532264303158 -0.0015127813914932204 -4.568657119987882e-05 0.0002727851364296933 9.767931126572551e-05 0.0031138575894834194 2.0983759234633624e-05 0.0006950002649338221 3.6803997234124215e-06 9.811240942528507e-05 0.000631753822956978 -1.145873842617165e-06 8.127234995852317e-06 -2.2383336133212212e-06 9.868692933310672e-06 6.400772029975979e-06 9.394545664489957e-06 2.151770017965765e-06 9.410017044371125e-05 1.5180087347515734e-06 1.4263180109836029e-05 3.903973573590074e-07 3.149056746644219e-07 2.004301374246352e-05 8.871415088285982e-06 1.3177976803728772e-06 3.963549601820895e-06 3.75953156349053e-06 2.803985736078373e-05 1.9585071974919514e-06 1.1723626109775651e-05 5.763608664737731e-07 5.213698941107441e-06 5.013875796309228e-06 2.6244892977114925e-06 9.366184461830172e-06 1.2639370684232906e-06 1.221744555561074e-05 1.8612503278997266e-06 4.390831957725828e-06 5.344775901540123e-07 6.246089095103002e-06
0.00013903117153709818 0.003375860656679586 3.385074882559006e-06 6.761191418995748e-06 0.008725873688554339 -0.0010905530009335154 -3.4487085368233326e-05 0.0001939218161586591 5.953354462272693e-05 0.0019961554797803807 1.3553365105649536e-05 0.0006445005372381697 2.0939701507806905e-06 5.873759272037896e-05 0.000487019065494419 2.504062960955671e-06 -1.5642619931457413e-05 6.841930172128086e-07 -4.125316345171188e-06 4.285015301573056e-06 1.0444625070369454e-06 2.90386750269589e-06 8.330402440629007e-05 1.3138829172165211e-06 1.2721716554544523e-05 3.5152839406506576e-07 2.817084658753233e-07 1.862259467162677e-05 7.909120477494673e-06 1.161771205849054e-06 3.549893841775574e-06 3.3436551681180703e-06 2.5517219509546394e-05 1.7073523214191247e-06 1.0659476566207943e-05 5.368037092796787e-07 4.794223488582947e-06 4.566195578627536e-06 2.3160855470318628e-06 8.333500091764016e-06 1.1143282638119946e-06 1.122726502495938e-05 1.6423536100434685e-06 3.930168095181485e-06 4.777639301712996e-07 5.728351918207253e-06
9.756068604561234e-05 0.002627366181490542 2.012205932823238e-06 5.2428599454970306e-06 0.007638626091726083 -0.0007831271460099033 -2.1227283322848633e-05 0.0001351242785259443 4.194649943384975e-05 0.0013178768084578048 1.2494716076730773e-05 0.0005773213353198741 1.884797730776295e-06 3.334393320781364e-05 0.0003858104866294362 -1.1528031670876615e-06 3.959740219666949e-06 1.8529514592493344e-06 2.8330285825066917e-05 3.671437778306385e-06 7.067876303850414e-06 1.6478731246269865e-06 6.558067391690239e-05 1.1373916663556223e-06 1.1380601230932349e-05 3.0596749275487464e-07 2.478881917998856e-07 1.727605617535805e-05 7.067672419172242e-06 1.0223548662817258e-06 3.1926332977878598e-06 2.9932002895808097e-06 2.327722217747512e-05 1.5408997657680537e-06 9.686855287680318e-06 4.602617745992549e-07 4.396509712618893e-06 4.218358098804711e-06 2.0877031915915214e-06 7.529487388923739e-06 1.0037758731791962e-06 1.0337156117234159e-05 1.5661816386881489e-06 3.514683736081876e-06 4.3104744442174287e-07 5.293485864263523e-06
7.115889637263299e-05 0.002057455514622947 8.377514073689304e-07 3.988746003883124e-06 0.006755300967238668 -0.0005644289860973053 -1.3653951876464177e-05 9.399481883316011e-05 2.4983299276227872e-05 0.0008424628075574838 9.010735787264086e-06 0.0005006244260037448 9.18664219481926e-07 2.2598170287139735e-05 0.00030969595054547596 1.8848705379712149e-06 3.865394228525849e-06 6.234100760481111e-07 9.996114119182251e-06 -3.681629240547268e-07 4.439782517810152e-06 1.6140273218434752e-06 5.8909911851838484e-05 9.781330046784089e-07 1.0245622225919815e-05 2.750552429149908e-07 2.262880099630765e-07 1.611832535266764e-05 6.341106846003848e-06 8.944128058858385e-07 2.8531152703302954e-06 2.6883174819618702e-06 2.133022754457957e-05 1.3824634159716074e-06 8.945960907817511e-06 4.3137180066042454e-07 4.045353930086633e-06 3.913040403177774e-06 1.8550577669088991e-06 6.7393718495290865e-06 9.015369445851959e-07 9.590504013992632e-06 1.3592664084272129e-06 3.1319294005178712e-06 3.865488300609626e-07 4.9275565426450395e-06
4.9129001127960494e-05 0.0016049942772708677 1.2438312881760641e-06 2.460578980554167e-06 0.005957911977040961 -0.0004128510495284529 -1.023612119346336e-05 7.091402042404011e-05 1.2445918986839745e-05 0.0004711501647930463 8.234930838992153e-06 0.0004589115862689726 2.8081758278032234e-07 2.4069280501518655e-06 0.00024285764914836264 1.2910679995291911e-06 -1.7308698743529032e-06 4.7335143642934534e-07 2.8693076377012686e-06 3.2855172772500674e-06 -1.4048998152196796e-06 1.5227817208311407e-06 5.5506599216507075e-05 8.376893886166673e-07 9.17608293132266e-06 2.447745925457865e-07 1.9676956253526424e-07 1.5024950262349166e-05 5.66922228032194e-06 7.743217284787309e-07 2.5731764247247072e-06 2.4319340058383296e-06 1.9556624376512194e-05 1.2302674760003607e-06 8.138597667466915e-06 3.8031106900346776e-07 3.74565916686566e-06 3.5949773052806606e-06 1.639802199928552e-06 6.0792986001040245e-06 8.177563849382069e-07 8.868447088178108e-06 1.246061659599555e-06 2.883900105459717e-06 3.4774387603496403e-07 4.520138825948145e-06
6.41268731701017e-05 0.002308794826795162 1.3469641102858052e-06 2.976169127992099e-06 0.01003516673281383 -0.0005546036234419633 -1.3503544086120973e-05 9.147894081711125e-05 7.961660123292346e-06 0.0002906976104117219 9.93643690185974e-06 0.0006787217656988273 1.4491195375642634e-07 1.78098764121149e-05 0.0003629936978429047 1.577913579819353e-06 -3.3411983694128318e-06 -4.881208192899517e-08 -2.4591472293533783e-06 2.6540131680696806e-06 2.5702902977801928e-06 2.1199664384097323e-06 9.353578630607501e-05 9.908646009013862e-07 1.1198017091681742e-05 2.9718916987170964e-07 2.2571124485858657e-07 1.928614199867228e-05 6.910393776313132e-06 9.369622161463319e-07 3.1557066398422207e-06 2.9727272307872886e-06 2.4588104190664247e-05 1.4575508703773175e-06 1.0276975873814765e-05 4.5034965011647413e-07 4.742140928528754e-06 4.533033342749211e-06 1.980228109051253e-06 7.362067786730054e-06 9.624079213125659e-07 1.1263623500385011e-05 1.4888150476954374e-06 3.42732330553634e-06 4.118642530683402e-07 5.797235041009033e-06
3.706104043095954e-05 0.0014528668270494692 7.979250967983107e-07 1.525961781273558e-06 0.007956588645256245 -0.0003005498802011104 -8.05444971498769e-06 4.577230481753208e-05 -2.3924701683269125e-06 -0.000160231442079664 5.693789640722298e-06 0.0004926003842533645 -4.319310609902485e-07 -8.635683081744049e-07 0.00023862840576727347 2.1660456314029778e-06 4.892928594148085e-06 1.0172617803171254e-06 1.0811684104432211e-05 2.7934489941256394e-06 -7.850440451641857e-07 1.8619021549931873e-06 6.864665089538733e-05 7.907284878508876e-07 9.232677619435646e-06 2.428383248739129e-07 1.9775276166365917e-07 1.6952258146665973e-05 5.691761534915787e-06 7.623267069571742e-07 2.587599927706565e-06 2.4148184776443457e-06 2.098612360986743e-05 1.2310367652621777e-06 8.919627745876763e-06 3.7687110878162544e-07 4.1307980519221336e-06 3.974360889414051e-06 1.6477660286008104e-06 6.051146705905479e-06 8.268732773183273e-07 9.866187037315139e-06 1.2429801575383273e-06 2.7588675964064684e-06 3.386375745876105e-07 5.070914524190162e-06
2.2686674792852566e-05 0.0009317438610098014 8.571701562648398e-07 1.6898926121664248e-06 0.006302591545080918 -0.0001817268119699189 -5.257998810331148e-06 2.81943269090018e-05 1.5691747193379122e-06 -0.0003204121050300621 1.6682990872382311e-06 0.0003531849110736038 6.828828806547845e-07 -5.8068828611377e-06 0.00016796897663430834 2.203782841709429e-06 -4.426094404631868e-06 -3.2817370451741653e-07 1.0146211686556317e-05 -3.3799326068654476e-07 -2.653394590219656e-06 6.292065828729489e-07 5.556445987982717e-05 6.855536891244752e-07 7.646181544092968e-06 2.21767051317715e-07 2.1371821551159278e-07 1.4962131377712657e-05 4.770689168804397e-06 7.080657094704646e-07 2.1937707421615614e-06 2.1240318624324638e-06 1.8044519630090383e-05 1.1182890610210445e-06 7.683576328960015e-06 3.8910156005956866e-07 3.619308978439833e-06 3.547007291946407e-06 1.3674095064500462e-06 5.054658909687395e-06 7.402637036713986e-07 8.557476930235398e-06 1.0519252686023124e-06 2.3464577386714846e-06 3.307786494173383e-07 4.436480306142739e-06
1.1570868579288388e-05 0.0006352980994150222 1.4492216675639346e-07 5.773123550868553e-07 0.005081093570708597 -0.0001094894870651113 -1.087859690020677e-06 1.2264100728071463e-05 -3.4451294156021637e-06 -0.0003705288495130652 2.3777407079683785e-06 0.00026080637022407236 4.8517368724663165e-08 -1.0976791242977395e-06 0.00011466714254984798 3.0004269712416066e-06 -1.1164587829706635e-05 8.273951460936382e-07 1.2739820049867922e-05 2.1626979822460387e-06 -4.560051918015353e-06 8.085470857121391e-07 4.736914278198491e-05 5.982423020332726e-07 6.4237477080373565e-06 2.0034386007060491e-07 1.751173387946484e-07 1.3311164880848832e-05 4.046944384942123e-06 6.323494396539353e-07 1.9089714205052326e-06 1.7850583343157973e-06 1.573904656614205e-05 9.431628598385516e-07 6.715906888795363e-06 3.547401705799168e-07 3.1930070191613703e-06 3.100606332279542e-06 1.173586748140648e-06 4.317429537097523e-06 6.148830056900572e-07 7.553230543555411e-06 8.738486859761976e-07 1.961069609070426e-06 2.5833819725435795e-07 3.861606237911951e-06
6.358624543171515e-06 0.0004309949177762773 5.290503637083556e-08 3.483887719137002e-07 0.004079713680301686 -7.102063007778066e-05 5.378493047047427e-08 9.43344869586814e-06 -3.579928961806083e-06 -0.0003751603911450717 2.0390719382053777e-06 0.00019261023964295488 -2.5870007255139103e-07 -1.989816822563541e-06 8.653185369407133e-05 1.5821813639175896e-06 -6.323221462137798e-06 -1.3281422244980404e-06 -3.484764324281223e-06 2.8954894393055527e-06 -6.51126096016673e-06 -1.7212570151629473e-07 4.01142455172743e-05 5.471420549522835e-07 5.4151762882874176e-06 1.744699755768703e-07 1.587890276096686e-07 1.1850998895298557e-05 3.54649039266998e-06 5.857159929533823e-07 1.6579317684825507e-06 1.5704637291191573e-06 1.3779790784894625e-05 8.853490258709009e-07 5.98598255174977e-06 3.0091141630063133e-07 2.8176040889870944e-06 2.742511160694414e-06 1.1512364815007517e-06 3.870138203440989e-06 5.601066094845581e-07 6.750549323297465e-06 8.511392737706478e-07 1.7315521226863896e-06 2.4412659093829674e-07 3.446955628203326e-06
7.124219700842856e-06 0.0005030062367310428 -2.854730375578992e-08 3.601223004823774e-07 0.0058800935676289814 -6.475052246242635e-05 -7.363811528099746e-08 5.022221532411858e-06 -6.728837151502639e-06 -0.0005869846077121426 1.634971365851386e-06 0.00024389295552676023 6.624464915611494e-08 -6.28490900203266e-06 9.923828161334544e-05 2.2138678164919445e-07 2.480975904429265e-06 -8.784810728217612e-08 6.9056008014417195e-06 3.08372950345157e-07 -3.4474143227447566e-06 2.6577944418410794e-07 4.6394876510085856e-05 5.328293630075086e-07 6.041506808048823e-06 1.8484156931054807e-07 1.7733489877584578e-07 1.4091244722736577e-05 3.8157963347079785e-06 5.776742123182899e-07 1.8053653383648209e-06 1.7150337178316833e-06 1.5954079672662263e-05 9.153887762756221e-07 6.912740192918124e-06 3.4198695493767105e-07 3.2824042233983773e-06 3.220864188250031e-06 1.1621905478441316e-06 4.18079171461234e-06 6.423618100438988e-07 7.956585854856206e-06 8.954332294787143e-07 1.8975004956423606e-06 2.6690883193061963e-07 4.118550564829778e-06
2.483804844938981e-06 0.0002371453283951086 1.3970643598027084e-07 3.6876622364112225e-07 0.0037393257060835653 -2.6321416805108566e-05 8.625654194675892e-08 1.4752368501103315e-06 -3.0372404146307196e-06 -0.0004680804723423172 1.2809829217024521e-06 0.00012910136232587965 1.764821014475482e-07 -1.1850228806364183e-06 5.6042348588417066e-05 1.3309604907348155e-07 2.812920278730505e-06 3.967315996899091e-08 7.797817891771733e-06 1.3560466888873515e-06 -2.442594805748202e-06 6.711442803507335e-08 2.5508923863757462e-05 4.612386112819484e-07 4.462047627573672e-06 1.5767976430889268e-07 1.4875357943499993e-07 1.1147347012988626e-05 2.954700325795908e-06 5.324172219765011e-07 1.424598767738747e-06 1.3558885959974258e-06 1.2341514266146817e-05 7.852635359575823e-07 5.520283347537349e-06 2.77736490625741e-07 2.6188485684113965e-06 2.5874770919768863e-06 1.004386290597435e-06 3.284043295201877e-06 5.556092333074856e-07 6.305401749435149e-06 7.671213315753409e-07 1.454567679315341e-06 2.1697198971181796e-07 3.2333892553985158e-06
2.920710382493137e-06 0.00023915421952136733 4.509881871640122e-08 3.4342781755937483e-09 0.007478998477606012 -1.8723555535907217e-05 -5.094365498683197e-07 -1.402232086399183e-06 -7.514123980671887e-06 -0.0008633125318867702 2.225117833515908e-06 0.00015557972534799782 -4.395454458880037e-07 3.922076462468521e-06 6.153747724203894e-05 1.2621159958623628e-06 -5.155480744803091e-06 7.713371861998858e-07 1.2841217821527645e-05 -1.9577424385417044e-07 -2.350304809401395e-06 3.0710270661156044e-09 2.4760422434529448e-05 4.989085992521936e-07 4.922960684915329e-06 1.7944016885441214e-07 1.822110894562959e-07 1.544686310907632e-05 3.315732462776695e-06 5.929563067327677e-07 1.5735228358196742e-06 1.5742973499869773e-06 1.6288940567245654e-05 9.226190857455898e-07 7.425999365365328e-06 3.358426517617202e-07 3.478052005200352e-06 3.43454682962566e-06 1.1297315222981795e-06 3.660532171369231e-06 5.853960283629024e-07 8.398450572699978e-06 8.488409721825495e-07 1.5959627010574063e-06 2.936613827911317e-07 4.406750741110785e-06