=== costheta bin 0.0-0.4 ===
For each bin: first 23 entries are fitted EFT parameters, next 23 are their uncertainties.
0.0007531520380786403 0.0026415453477852237 0.0004929811714299882 0.0007268561833158845 0.0038768396371499847 -0.002807567341870063 -0.001214413001331647 0.0022869811608502958 0.00275955186627483 0.00640932799473474 -0.0014552515024105223 -0.00337806216218452 0.0011933188104451824 0.0027713332575223476 0.0033602580756829426 -4.275623617651601e-06 6.631021271560099e-06 1.142665808751018e-05 2.7908510808818416e-07 -1.6562896058968166e-05 3.2148064379799626e-05 1.6003976214395442e-05 3.88715876529398e-05 1.9508700198403266e-06 8.804614964591698e-06 8.124082167094621e-07 9.469218260380472e-07 1.126277645190043e-05 7.398107329710435e-06 2.4004281540192045e-06 4.499854891442248e-06 5.194667015955335e-06 1.6237060888203893e-05 3.4895516070911775e-06 8.1864592033785e-06 1.502835054494949e-06 4.963663458898376e-06 5.86397932873866e-06 2.680296236360917e-06 6.2754858524615044e-06 2.7092478666241617e-06 7.43205086970198e-06 1.707615008612521e-06 2.6762470646254618e-06 1.2069067512278634e-06 3.84631674237624e-06
0.0011756452753338702 0.004247006447311792 0.0005877042742875356 0.0008215980499229369 0.0059505033353723395 -0.004455267160941873 -0.0016545223125958893 0.003161631663304985 0.0037231506271745763 0.010037037575065702 -0.0019293382975630437 -0.005227808756364961 0.001385553010617196 0.003728810885812484 0.004418830629517788 -1.036436525979098e-05 8.491583795623741e-06 2.570787970458384e-05 1.2747340578778148e-05 -2.733476987126342e-05 4.765180267065763e-05 2.301695768167019e-05 6.545629825397746e-05 2.4366339572014654e-06 1.123337731982911e-05 8.95565637417282e-07 1.0231313700017426e-06 1.4195634171879858e-05 8.945879033671184e-06 2.7240823700881284e-06 5.22156361156658e-06 5.732669738398097e-06 2.00392849014328e-05 3.832418139085499e-06 1.0043915326948014e-05 1.6252956037559616e-06 5.611726806212267e-06 6.553714144974872e-06 3.4544332415549304e-06 8.250750837381233e-06 2.8932066717892533e-06 9.440285020900058e-06 2.157923797148099e-06 3.8159104984432014e-06 1.2861316049292766e-06 4.7933679419118905e-06
0.0013970603239576457 0.0051079708082370345 0.0005121582983368525 0.0006588518237938215 0.006569337322849246 -0.005323670583336267 -0.001681614029844691 0.0032311013292478587 0.003648531458950829 0.011540615048743395 -0.001884283810453381 -0.0059579781514973165 0.0011575909295573862 0.0036515761538847553 0.004155211882868882 -1.3941723426436432e-06 -9.231579616870513e-06 1.7966732391532363e-05 2.2634135744012278e-06 -2.797091165819786e-05 5.1775796784780006e-05 1.8712603237647795e-05 5.600957018656956e-05 2.6938644832594726e-06 1.2265688116304717e-05 8.533661419313417e-07 9.252094595522775e-07 1.4911522275712441e-05 9.726041312567987e-06 2.696037102397159e-06 5.189427509249126e-06 5.4598015961159445e-06 2.1586090499467386e-05 3.6216983447848865e-06 1.0542890779765273e-05 1.4910162494906053e-06 5.523351024032575e-06 6.188497632233668e-06 3.6718205850195497e-06 8.49357982086915e-06 2.6882192250299783e-06 9.505101406282949e-06 2.182727121837917e-06 4.0025232956451e-06 1.1648352200097158e-06 4.827044233890147e-06
0.0016199553910091827 0.005900725014510772 0.0004348086045935523 0.0004992952540733369 0.006760743703052472 -0.006156914120404522 -0.0016691131383071956 0.0032035475788184855 0.0034122178484292643 0.012588129255001945 -0.001759864408411734 -0.006504203746068127 0.0009275232185028145 0.0034130646254912434 0.003672495165012633 -8.703375378814305e-06 1.5955821533193635e-05 1.8208351178877484e-05 8.714906489695278e-06 -2.6501333316817797e-05 5.5406040953763924e-05 1.5988773456259753e-05 5.902184315245783e-05 2.902397642738567e-06 1.2962743028382634e-05 7.903435581547237e-07 8.119018775874567e-07 1.5110315275227377e-05 1.0396378220798683e-05 2.706088515527123e-06 5.079181116774252e-06 5.148001940253004e-06 2.2260869354149728e-05 3.49128459502129e-06 1.1066088815611697e-05 1.3445440901953985e-06 5.301232924444225e-06 5.757297522880013e-06 3.906913640664522e-06 8.651827265153404e-06 2.514511429537379e-06 9.32967021076307e-06 2.299588673303833e-06 3.912046149065367e-06 1.0756778731150616e-06 4.902022877247535e-06
0.002012150191175977 0.006985661010646691 0.0003881563962087715 0.00037551195956106784 0.0067710722224444955 -0.007461244435334536 -0.0017573993472823617 0.0032920609911669656 0.00322106479689226 0.013696573663334528 -0.0017036753449137106 -0.007254758854908371 0.0007599203386834919 0.0032275171439298278 0.0031880439060410306 -5.7717484110530875e-06 1.3346594287074203e-05 2.0364452265716126e-05 2.9636737336225725e-05 -3.793478954195788e-05 6.970374991906732e-05 1.6728143146513743e-05 7.14226761903678e-05 3.2458690270796657e-06 1.4092668040725453e-05 7.664922054071806e-07 7.128935717609913e-07 1.5287467870359932e-05 1.1295660630703755e-05 2.815749421366037e-06 5.1641756179202145e-06 4.997229599192912e-06 2.3524980644711296e-05 3.4196782805240835e-06 1.16773708131135e-05 1.2516634846271007e-06 5.285162756925205e-06 5.348991478839729e-06 4.316234751488455e-06 8.98655048069793e-06 2.2538281847896826e-06 9.451748423680021e-06 2.479789952002407e-06 3.903574563859031e-06 9.60151986866572e-07 4.784695142892904e-06
0.0026622856532784907 0.008618113527009964 0.00036798441788526645 0.0002801436936391813 0.006619165045876084 -0.009507258560772804 -0.0019626455168266985 0.003560382425084145 0.003074892393682058 0.014980804934318602 -0.001663136358061358 -0.008149012743052115 0.0006361461237712218 0.0030951096496514108 0.002723696361599777 -1.8496495199095167e-05 3.98793649040115e-05 2.1611044699681307e-05 3.7431321842154925e-05 -3.4886732912985304e-05 7.218702225052986e-05 1.3515417715042623e-05 6.563645679189559e-05 3.7719519390704857e-06 1.5888136306292673e-05 7.864552155234049e-07 6.477090439317716e-07 1.5536940191153882e-05 1.2937567543545116e-05 3.0566546830499147e-06 5.5311415140474905e-06 5.157836340952369e-06 2.546163093851802e-05 3.6498871770900552e-06 1.3421289629591122e-05 1.2141196019355913e-06 5.481561377448299e-06 5.0981747858863345e-06 5.1075556035354485e-06 1.0549224559008438e-05 2.1795665682274314e-06 1.0161024333601724e-05 2.838928725033459e-06 4.81739672867309e-06 8.868437088017935e-07 5.055570897515136e-06
0.0027474783280255063 0.009328661036975607 0.0003090268970531945 0.00020986461801817652 0.006386711885278032 -0.009956164040899487 -0.001812526852493418 0.0033977785896586034 0.0027276281273083056 0.015046883320795158 -0.0013932522622622503 -0.007724920176388419 0.0004968645605321235 0.002739616044404109 0.002310595133727902 -1.789383534492046e-05 3.242414942297324e-05 2.011889273989178e-05 3.537752377710613e-05 -4.152619491619786e-05 8.004982836252135e-05 1.2270825722531826e-05 7.083963330677434e-05 3.916187827682954e-06 1.680007259227376e-05 7.451715302899667e-07 5.964769451457361e-07 1.5736268129524266e-05 1.3654330493587162e-05 3.0557034786898744e-06 5.642501705047073e-06 5.179021017404603e-06 2.664013816037839e-05 3.6434022121324058e-06 1.4186904770857813e-05 1.1335698518859086e-06 5.616416668899758e-06 4.943828551030023e-06 5.298879694303653e-06 1.1085295733309326e-05 2.142927518257249e-06 1.070964432029376e-05 3.144592458682804e-06 5.049736507057127e-06 8.140448497701755e-07 4.139069617907144e-06
0.002494419733135801 0.009245805466171292 0.0002422125591485056 0.00015731829480271123 0.006063569062614907 -0.009339383621233072 -0.0015123232831697965 0.002995215714394712 0.0022880654892910835 0.014176196684839586 -0.0010635248535437267 -0.006626593297617793 0.0003697304591704526 0.002294856172775089 0.0019518922092700772 -9.192184104206694e-06 3.5686632386903446e-05 1.6263450741677808e-05 3.836901881544659e-05 -2.845874560140507e-05 7.064341257464268e-05 9.682626897957522e-06 6.0634645447397016e-05 3.821942613348644e-06 1.7143441850489748e-05 6.911886641435049e-07 5.51589743252421e-07 1.584610452075845e-05 1.3743063943146893e-05 2.9441567982526232e-06 5.60465845308143e-06 5.13841851560734e-06 2.6948127681963974e-05 3.5302398163555083e-06 1.4487127182393005e-05 1.0431123741315267e-06 5.56189155751735e-06 4.788359374203872e-06 5.199252873887337e-06 1.1496052612389998e-05 2.0270400268526775e-06 1.1167184274641792e-05 3.213129745410812e-06 5.187213314216765e-06 7.471654772432817e-07 4.5371922775475985e-06
0.0021458040895755734 0.008798452299612673 0.0001858442237868598 0.00012021720568899641 0.005730041769834862 -0.008359235611946507 -0.0012138324914276364 0.0025551182329504587 0.0018807128375866572 0.012965713434083995 -0.0007814717596027382 -0.005417316112260072 0.0002727792695829678 0.0018815183377817297 0.0016613755907952884 -7.859387534860399e-06 2.7649332019835808e-05 1.3239054083212047e-05 2.548465679074599e-05 -2.382853103596015e-05 6.321737120281576e-05 7.41722239528335e-06 4.640466231603441e-05 3.6182604955518654e-06 1.708787235507362e-05 6.389287101656776e-07 5.199511815500722e-07 1.586926950694563e-05 1.3398219905652533e-05 2.764125935073088e-06 5.445372984174982e-06 4.9947849068115144e-06 2.6714821062223e-05 3.372397727833103e-06 1.4351499070294211e-05 9.963280109908027e-07 5.4017116912905014e-06 4.7135669184878305e-06 4.950308386464869e-06 1.1364296240558299e-05 1.991372354169126e-06 1.1082670855118007e-05 3.0988808044752604e-06 5.159228104634751e-06 7.054643786905432e-07 4.847627806341784e-06
0.0018012301004471979 0.00820163000122425 0.00014177414412437398 9.381430536858356e-05 0.005458123437844445 -0.007307569595110246 -0.0009619968216758039 0.002150773374883117 0.001539335303719943 0.01171973890983086 -0.0005738905006056874 -0.0043569329875177065 0.0002026337434253222 0.0015356898051285086 0.0014368018622682025 -1.8669098917113138e-06 6.441415266680805e-06 7.582768062779761e-06 -6.255698994718616e-06 -1.664192210800072e-05 4.510011558288036e-05 5.437849096784182e-06 4.4541316558026224e-05 3.377373848257397e-06 1.6747865793988983e-05 6.107725760509085e-07 4.856310510089568e-07 1.5707281433885874e-05 1.2844522990394233e-05 2.588660512084336e-06 5.183198475465817e-06 4.797287501258774e-06 2.6168119374969166e-05 3.1712169379878917e-06 1.3959102665118085e-05 9.34448690197702e-07 5.188942914810223e-06 4.502986629810383e-06 4.6510465280391814e-06 1.1004178578420772e-05 1.8774035488360594e-06 1.0916365864994622e-05 2.9624247621118728e-06 5.050505101484987e-06 6.520483761832386e-07 4.8779250743156185e-06
0.0014906536715069284 0.00748328635840066 0.0001060513715316321 7.209458816409935e-05 0.005149079763305383 -0.006274095282552223 -0.0007492255034182921 0.0017793787258713366 0.001230006319038687 0.010383949235101695 -0.0004012681741341201 -0.0034059642888168034 0.0001463662232095599 0.0012337686560311273 0.0012187194015377584 -1.3814198885850172e-05 3.0813500072617136e-05 8.465513341266367e-06 2.139788039647482e-05 -2.0830072368946036e-05 4.765334396327018e-05 4.6693532424008974e-06 4.4634059281232904e-05 3.13061838616131e-06 1.620502967974324e-05 5.800691386002021e-07 4.563014989823281e-07 1.5400581559837056e-05 1.221872590197346e-05 2.4026953201842435e-06 4.920335519262935e-06 4.571221205210355e-06 2.566111883056583e-05 2.9626382504752497e-06 1.3484733461143819e-05 8.760391955498854e-07 5.029383431933733e-06 4.391572364632486e-06 4.3193381943509145e-06 1.072164890020228e-05 1.7551819639762045e-06 1.0928214006521615e-05 2.7742052857908815e-06 4.941326678113341e-06 6.067137621247903e-07 4.868276269021821e-06
0.0012295533625608784 0.006785998773124275 8.192583293341618e-05 5.680634200017081e-05 0.00489244348503696 -0.0053799854301362195 -0.0005912933699912738 0.001487744164207649 0.0009912551806432455 0.009203854631646014 -0.0002849126094179406 -0.002664506460341656 0.00010851772798706214 0.0010109597011551596 0.0010585128700190043 -4.08129428008726e-06 6.687757883049088e-06 7.831992243913297e-06 1.6845726498068998e-05 -1.8997998583393076e-05 4.7212353075274565e-05 5.0600059521032815e-06 4.408617231120615e-05 2.890872573355804e-06 1.556733950823549e-05 5.454385424142802e-07 4.239943432189211e-07 1.5086280201953902e-05 1.1525692492696379e-05 2.2108955149864426e-06 4.655565571356966e-06 4.33667431483047e-06 2.5033929475092917e-05 2.7231737682112493e-06 1.286409520192672e-05 8.011638327532368e-07 4.841149055751838e-06 4.253145602318519e-06 4.017470317939418e-06 1.0316582111637368e-05 1.633315120065853e-06 1.0717028101937722e-05 2.601867194731376e-06 4.760674657267645e-06 5.676053632314204e-07 4.852309159444585e-06
0.0009948422277124866 0.006062410743908679 6.096625742663985e-05 4.554038128628547e-05 0.0046231535812713475 -0.0045305482909991 -0.00045420861361528055 0.0012135079611785607 0.0008021955096235804 0.008026828457562259 -0.0002011119396725476 -0.0020310488154873414 8.041227345875048e-05 0.0008045259423177404 0.0009194976032778192 -3.5855604751603674e-06 1.3616559953395127e-05 6.565475166483134e-06 6.92992215648141e-06 -9.810113303694666e-06 4.363449818895852e-05 5.0918810544021725e-06 5.045087738919296e-05 2.6543469880122967e-06 1.4878118304308531e-05 5.062561278802661e-07 3.9456877511482243e-07 1.4713926057689211e-05 1.0816398219907636e-05 2.035704754632375e-06 4.379322006665132e-06 4.1014864025723665e-06 2.419707979348724e-05 2.522726575532835e-06 1.218853777544019e-05 7.355288990131169e-07 4.6462111831023005e-06 4.130429756273507e-06 3.7326539070014184e-06 9.843204254442814e-06 1.519706620625196e-06 1.0419872584005917e-05 2.450600753227154e-06 4.579977467000418e-06 5.561105164136243e-07 4.759660556476682e-06
0.0008088550172838812 0.005395622397406529 4.623413478652969e-05 3.56640595213938e-05 0.004338708701102515 -0.003821862512374383 -0.0003538696346532004 0.0009986136493225068 0.0006364887169885492 0.0069596244464482015 -0.0001367673273291621 -0.0015214097496058004 5.819123352439907e-05 0.0006410810591169058 0.0007909877320309537 -8.905535095540895e-06 2.420061821559013e-05 4.445237875785931e-06 5.413927752181953e-06 -7.231953526251702e-06 3.426635401285846e-05 4.01654710013425e-06 4.121990423362718e-05 2.423009827555087e-06 1.4095352120485869e-05 4.578287251356522e-07 3.606766106291888e-07 1.4222676190404204e-05 1.0121029097633711e-05 1.8384569858786652e-06 4.121381051667994e-06 3.834532309619268e-06 2.324490756047796e-05 2.297556711887009e-06 1.1469731380421983e-05 6.592268998270383e-07 4.401296694484215e-06 3.931909056855557e-06 3.445199177667615e-06 9.304145524917484e-06 1.3951003554997527e-06 9.975275474146205e-06 2.2688877233706117e-06 4.336142840888396e-06 4.91457369435561e-07 4.557096787906812e-06
0.0006561800235734363 0.004774741131787745 3.36615769321512e-05 2.8892410209303192e-05 0.004058492713429539 -0.0032014583439832346 -0.0002689832834517141 0.0008032904496955704 0.000506648240481678 0.005969972116676629 -9.266020691651297e-05 -0.001097294781129183 4.2921976927079845e-05 0.0005035872376977738 0.0006825391905885857 -8.136224802916821e-07 3.138396553193134e-06 2.3474846967731513e-06 6.608036700895282e-06 -5.1705651424229e-06 2.9435650119728615e-05 3.44539027626633e-06 4.435293901593445e-05 2.2176406031276133e-06 1.337507394665172e-05 4.299350111159173e-07 3.3565145418963866e-07 1.3766073424933498e-05 9.50776449173022e-06 1.6966576775592672e-06 3.863664811820537e-06 3.6028056697480035e-06 2.228706350897897e-05 2.1404886889471257e-06 1.0804135627396694e-05 6.160648695053407e-07 4.211729036748851e-06 3.7929654732905738e-06 3.189378478341315e-06 8.845802755666796e-06 1.306245200456048e-06 9.570374240952926e-06 2.1041233989672073e-06 4.130809473824451e-06 4.796424267418612e-07 4.461780265378099e-06
0.0005307158333501167 0.0042323274162644475 2.579076139565567e-05 2.2863298639703398e-05 0.0038098754405522747 -0.0026996360543741537 -0.00020899766735224962 0.0006611517392495791 0.00040490324126951947 0.005130558818692457 -6.135169779886108e-05 -0.0007706613216978823 3.149447645333007e-05 0.0003998041092751475 0.0005913702367103363 1.192366680056188e-07 -1.6050914435777051e-06 3.1474826176181493e-06 -1.007102203985497e-05 -1.2462822631647445e-06 2.263704016647032e-05 2.481660696089011e-06 3.151607953993665e-05 2.032319679664729e-06 1.2682168995303225e-05 4.0522779126709603e-07 3.037723112700739e-07 1.3314175563327171e-05 8.921788198163331e-06 1.5785999960875311e-06 3.6359052717941382e-06 3.400775835403726e-06 2.138202397723258e-05 1.9544300556862434e-06 1.0188113156560072e-05 5.649764950957239e-07 4.018862701181059e-06 3.620764336213149e-06 2.9594317388490566e-06 8.402803560999127e-06 1.1898969988383864e-06 9.11098012725969e-06 1.9759382411236297e-06 3.930753874832906e-06 4.657221625118606e-07 4.322934145883872e-06
0.00042514934994855786 0.003752144419450308 1.9202407666917757e-05 1.8966619663305898e-05 0.003597736664104654 -0.0022380337367888447 -0.0001595053337734573 0.0005366442596418249 0.000324215383897277 0.00443281516084512 -3.809364197081331e-05 -0.0005150042764149195 2.3679180839121508e-05 0.0003200295625855161 0.0005209369986954389 -1.4645270398276523e-06 7.495244820973399e-06 -2.9267359161605325e-08 2.930109942873207e-06 3.1404632480609185e-06 1.5866644345248053e-05 1.9067222812995228e-06 3.487370731248261e-05 1.8554166398253124e-06 1.2061058005783641e-05 3.8558881934783e-07 2.955125604182841e-07 1.291195979501009e-05 8.383588675662423e-06 1.4654462901656877e-06 3.4343481199258973e-06 3.231804189270238e-06 2.0546996284200886e-05 1.8797569592892192e-06 9.607059096450337e-06 5.510107118445157e-07 3.864830192344659e-06 3.4829904106849092e-06 2.724502942792789e-06 7.95951535693961e-06 1.1549970594371694e-06 8.78045837704846e-06 1.816317853667547e-06 3.735685388916633e-06 4.360461956809751e-07 4.15181441401019e-06
0.00035266536884128797 0.003329127605867853 1.5116724426853425e-05 1.540949445763519e-05 0.003392443660656908 -0.001888850048048923 -0.00012873613403187266 0.00045131118017271456 0.00026382061444927196 0.0038446620812299355 -2.2640119046165788e-05 -0.00033267622857912667 1.719597928776889e-05 0.0002575152534197108 0.00045482811191583045 -9.121330133529797e-07 1.0100481089341348e-05 2.642414095369399e-06 6.941305301283325e-07 -2.714747536589296e-06 1.8027140934651867e-05 2.3101706322378906e-06 3.275067486370509e-05 1.7083333093040912e-06 1.1447625538164589e-05 3.6513196764919684e-07 2.751856316422798e-07 1.24883057642173e-05 7.906421975426042e-06 1.3658147042150694e-06 3.265737446972408e-06 3.060797402878411e-06 1.973154382061541e-05 1.769031058198204e-06 9.106593117091666e-06 5.239077818549969e-07 3.6961129640879806e-06 3.3713514877346667e-06 2.556562262989873e-06 7.587474148106951e-06 1.0763343560820558e-06 8.353222582257546e-06 1.6991486975006986e-06 3.577561332052923e-06 4.128343720175645e-07 4.0035305154153465e-06
0.00028858364712678816 0.002970465393911625 1.2059861665393282e-05 1.2959015489674634e-05 0.003198652470902485 -0.0016110200282941078 -0.00010282400910768318 0.000376825504839814 0.00021049908732272176 0.003330558035596229 -1.5679996581427482e-05 -0.00021960007881720737 1.3320800585078286e-05 0.0002126485375210877 0.0004063716068324136 3.4809059810242133e-06 -1.1358565194441405e-05 -3.589229103811674e-07 -3.6474517279713076e-06 -1.9721471718309713e-06 1.7304042908273267e-05 1.587838585120057e-06 2.3108050539320257e-05 1.572693660205967e-06 1.0871229998645261e-05 3.416874920879975e-07 2.558831936133207e-07 1.2076332399842102e-05 7.407498066225495e-06 1.2662546012487029e-06 3.0712389630386183e-06 2.859409261401303e-06 1.8922055180148383e-05 1.6385237583019682e-06 8.597888849595434e-06 4.845242024756722e-07 3.5254932425842293e-06 3.2223748639789984e-06 2.3669353233330657e-06 7.1702565385800646e-06 1.0137293639794526e-06 8.00602375435477e-06 1.5910770834998798e-06 3.3369380833633047e-06 3.989056194907481e-07 3.883889764772592e-06
0.0002378650617888828 0.0026283909696686683 9.163481532228076e-06 1.0052297879710252e-05 0.003040342471403734 -0.0013613875390044643 -8.052130045337538e-05 0.0003111241127663816 0.0001694936061576092 0.002864261410998794 -5.284578655703164e-06 -0.0001119688720790611 9.278446080919056e-06 0.00016894799738154963 0.0003557592815946986 -1.917040004275332e-06 7.12739582552814e-06 2.6558911980298265e-06 -4.3483782815273386e-07 -1.9159267146826203e-07 1.5456267645406915e-05 2.2179569556408346e-06 3.215073069921496e-05 1.4424715731755834e-06 1.031263207640407e-05 3.165371611480484e-07 2.3776548445632364e-07 1.169576407018451e-05 6.930974970812308e-06 1.164240189433826e-06 2.8941610158329967e-06 2.7058883794971957e-06 1.8116461554143084e-05 1.5198118425178675e-06 8.140528452262384e-06 4.4586711885176144e-07 3.3700092869060156e-06 3.0934109743437955e-06 2.175208879742595e-06 6.8175012174489216e-06 9.344035457399204e-07 7.647841381367337e-06 1.4574903053308459e-06 3.182209778494959e-06 3.6561512337287217e-07 3.709840463131347e-06
0.00019452396175895884 0.0023322768558932676 7.130874404729177e-06 8.494285457207289e-06 0.002864434040856028 -0.0011465321672415572 -6.243312544792572e-05 0.00025805982562438975 0.00013739745399752164 0.002471186076082424 -7.131974010926825e-07 -3.075368885189747e-05 7.176008278265283e-06 0.00013531739866775734 0.0003182163162032748 7.069074970039715e-07 4.661073126368533e-06 -3.5837766217843464e-07 -3.018194754623482e-06 1.3562334945134377e-06 1.3564368483119996e-05 7.472836104013485e-07 2.223492081356444e-05 1.3274322554951558e-06 9.75443231472456e-06 2.9492935445347443e-07 2.1582045197001483e-07 1.1309561745221235e-05 6.499881905946921e-06 1.0745155463753543e-06 2.737720119485101e-06 2.5265444435239647e-06 1.7377134503042808e-05 1.432663557126185e-06 7.702308598064144e-06 4.1831961067068923e-07 3.211319127442612e-06 2.9694986522291117e-06 2.0430918303248102e-06 6.479227691318553e-06 8.760713519766916e-07 7.320921675000193e-06 1.3875275448429926e-06 3.0026389408197437e-06 3.4245399616856526e-07 3.5928125021796938e-06
0.00016084617055809109 0.0020794454661234333 5.099948100100907e-06 6.856129693886177e-06 0.0026997296535529046 -0.0009738853542619443 -4.8848770264913874e-05 0.00021629769350085178 0.00011336386734181667 0.002148785949562519 3.6015153747579986e-06 2.8840197549380834e-05 4.625769496356458e-06 0.0001082459953828326 0.0002767267863098529 -7.21092902043849e-07 1.6266703016614297e-05 2.0402138549728724e-06 2.0762416933854736e-05 1.5150173642666578e-06 1.1170193490401698e-05 1.4475262182654412e-06 2.4534911066488537e-05 1.2294588095051628e-06 9.253591488892473e-06 2.720740890264936e-07 2.0378634059313557e-07 1.0916798136568985e-05 6.117941759562034e-06 9.97645044879491e-07 2.5921426575775204e-06 2.404240923156385e-06 1.662494303974597e-05 1.3495264828238186e-06 7.317805890171351e-06 3.8085644136582055e-07 3.0677991417740537e-06 2.851574710150476e-06 1.890559733579818e-06 6.154814033503902e-06 8.254195568811454e-07 7.024605668933491e-06 1.283737813070403e-06 2.828238417753461e-06 3.3434108499683366e-07 3.4702250669134153e-06
0.0001365576165936021 0.0018595751901111094 3.993151601181766e-06 5.939825585478902e-06 0.002553492738144637 -0.0008401030087990964 -4.019496284865256e-05 0.00018050639095761566 9.127405064953381e-05 0.00184896812458481 1.6073165741573523e-06 6.401747056521785e-05 4.258405237322767e-06 9.080030341248376e-05 0.00024785868645872607 3.5121468336714178e-06 -3.3133199177957437e-06 1.0860086344140558e-06 2.0576947414017173e-05 1.1434133519398008e-06 6.4518386892299515e-06 1.6702839208580743e-06 2.518379579077365e-05 1.148539775653514e-06 8.823656467108946e-06 2.618943003922573e-07 2.06249721664619e-07 1.0600682965724729e-05 5.807472007915155e-06 9.407611909913651e-07 2.4652784256505598e-06 2.3355210546124826e-06 1.596328577374355e-05 1.2786544678563194e-06 6.957324712486632e-06 3.810199546524992e-07 2.9387552004991644e-06 2.747445415368386e-06 1.7531518618013814e-06 5.8519773841340304e-06 7.880377992618075e-07 6.721194931216098e-06 1.1984458111403293e-06 2.6969670301219632e-06 3.1505004985843673e-07 3.340971377535574e-06
0.00029024427759943643 0.004198187242508526 9.577965281042101e-06 1.307284918052858e-05 0.006122334606900565 -0.001906116485004922 -8.995521449882254e-05 0.0003961150759660858 0.00019028881989258508 0.004021706248131763 5.2920378471461006e-06 0.00013684582345769057 9.077761109278639e-06 0.00019482894943485428 0.0005730197100532751 -3.038584492391622e-07 2.399265925648352e-06 4.955382052996177e-09 -8.196396509092086e-06 2.001604605262072e-06 1.4305687897639085e-05 2.4818276095239015e-06 5.864072315695375e-05 1.6369838854691108e-06 1.3202091974496665e-05 3.7833690465323523e-07 2.9956351430552474e-07 1.6246220005926522e-05 8.48284876405588e-06 1.3504973431752505e-06 3.6426172338894725e-06 3.4483588482694747e-06 2.420675596821316e-05 1.8461832641531282e-06 1.0358278913754902e-05 5.540251927398297e-07 4.455705865294265e-06 4.181496954727875e-06 2.554074070084386e-06 8.668157302296232e-06 1.1784213164318969e-06 1.0165828786766294e-05 1.7126110461040796e-06 4.059371822517748e-06 4.740523551085988e-07 5.1097313801923005e-06
0.0002435143859852534 0.0037201575982028783 8.043583087782753e-06 1.142064109005915e-05 0.00573962713137178 -0.0016307950922389285 -7.28131252243086e-05 0.00033046231362898493 0.00015414260001684674 0.0034774629068568224 8.069371203916636e-06 0.00019863815077464101 7.79697473451833e-06 0.00015385364403119344 0.0005078289762158558 1.985828303479306e-06 -6.050164438769682e-06 1.8229226862135204e-06 1.6748210242114794e-05 1.7672096480131524e-06 1.3839126299345805e-05 2.066256200701494e-06 5.18704229391953e-05 1.5220061872853905e-06 1.2534122699957447e-05 3.543054919677351e-07 2.8356566957524305e-07 1.5646393650020918e-05 8.033869343693894e-06 1.2620171082835288e-06 3.4631534292217326e-06 3.257141262392988e-06 2.3161567455863708e-05 1.747957144898135e-06 9.89663285436928e-06 5.222613711271646e-07 4.283503294643958e-06 4.033942952430321e-06 2.3592996303385385e-06 8.175210258622915e-06 1.0925873271745515e-06 9.799503036654107e-06 1.5679217032647333e-06 3.857036109574135e-06 4.525070012502908e-07 4.9219302344655475e-06
0.00045367110160850443 0.007594191896001331 1.2744601686722566e-05 2.1278908521730244e-05 0.012890890615493887 -0.0031622697319327133 -0.0001277763685655967 0.0006224971339349172 0.00028044286755723986 0.0067524916013072004 2.5073507847740656e-05 0.0006036432397447584 1.1619044302715222e-05 0.0002753008334374688 0.001053402179513473 -4.9066706117981915e-06 1.1443862301147169e-05 3.0709622280055173e-06 2.527685689120281e-05 5.73318207424565e-06 2.830054177283551e-05 4.215900142193366e-06 0.00011146234333911232 2.1235463143633506e-06 1.8113100150734888e-05 4.998860307653858e-07 3.9425380084541685e-07 2.327282353963583e-05 1.1426080006587005e-05 1.7746455991402884e-06 4.972623242242324e-06 4.652369203639424e-06 3.400508397366943e-05 2.5258095331758984e-06 1.4427024684933979e-05 7.206952356574723e-07 6.253505846253084e-06 5.940156980033468e-06 3.382298510616057e-06 1.18316708530584e-05 1.581587596910354e-06 1.4427756177709329e-05 2.2939553492556685e-06 5.514920068996235e-06 6.6426071599165e-07 7.303440024732764e-06
0.0002955924203654886 0.0057512939279677835 7.677757265092517e-06 1.4340860763351248e-05 0.01131717892760771 -0.0021576927084571078 -7.545573883932266e-05 0.00040667504272575344 0.00016080409916469085 0.004571386955710594 2.4131191942381456e-05 0.0007222454661226029 6.702549882715714e-06 0.00015958897585353888 0.0008011557292840492 3.7891476751806134e-06 1.1198561710859628e-05 1.0188317081060963e-06 6.0227617605239226e-05 2.9827666960825776e-06 1.4365017296195248e-05 2.833694338552019e-06 0.00010249112604743995 1.7845282421142734e-06 1.605180616390733e-05 4.3300120882678416e-07 3.426702689245388e-07 2.1582161656592275e-05 1.007460002783447e-05 1.517675739810595e-06 4.429529078616271e-06 4.126246568016887e-06 3.082500886762704e-05 2.2102527956999014e-06 1.3012838488519512e-05 6.130607896097384e-07 5.7184572627322445e-06 5.435862126066904e-06 2.9666301257507965e-06 1.0493565101818978e-05 1.38569979592796e-06 1.3212490558932212e-05 2.0812280544583973e-06 4.904525598725896e-06 5.903034885163507e-07 6.727238272796261e-06
0.00019604987681909092 0.004403138939881343 4.2834927913098535e-06 1.0532902708776173e-05 0.00992553241920821 -0.0015128300306856068 -4.567580707720968e-05 0.00027277617457263496 9.765444216035547e-05 0.003113908793052241 2.1000338168935744e-05 0.0006951506109048981 3.6774548082069834e-06 9.811737797064221e-05 0.000631772265632352 -1.165047181977763e-06 8.251815755965107e-06 -2.2447063823210657e-06 1.0014613587843635e-05 6.396231511343961e-06 9.482515739954246e-06 2.1513368420058107e-06 9.413379617675933e-05 1.5180044608650864e-06 1.4263063991459747e-05 3.90391426105469e-07 3.1490852491987947e-07 2.004324099801615e-05 8.871540006249545e-06 1.3177990417190267e-06 3.963566305417986e-06 3.759507582032082e-06 2.8039895056824122e-05 1.9584805994662175e-06 1.1723661724745929e-05 5.763574263720108e-07 5.213681611594364e-06 5.013834123589828e-06 2.624476873301996e-06 9.366294413110451e-06 1.263931177070013e-06 1.2217156333944224e-05 1.861214883600667e-06 4.390975048257367e-06 5.344874571260278e-07 6.246103377032207e-06
0.00013903120475988252 0.003376108189871971 3.382544945019612e-06 6.7602744908643004e-06 0.008725956190965679 -0.0010906042249135656 -3.447884806902376e-05 0.00019392797799935507 5.952985655394727e-05 0.001996376594508727 1.3561579289040886e-05 0.0006446358964271352 2.091546739108627e-06 5.872920905762234e-05 0.0004870066280252064 2.4991877606029013e-06 -1.5591952477608863e-05 6.805882489779784e-07 -3.915905365187419e-06 4.282772434947809e-06 1.1110516020659936e-06 2.9031765999859874e-06 8.329495454769118e-05 1.3138858618486782e-06 1.2721625922105508e-05 3.515224517029308e-07 2.817139855393422e-07 1.8622913570537398e-05 7.909236066854988e-06 1.161772122747163e-06 3.5499027408263576e-06 3.343649335167351e-06 2.551734682811521e-05 1.7073429429752763e-06 1.0659495421731623e-05 5.368040156352048e-07 4.794250868243869e-06 4.566192913308816e-06 2.3160846736141056e-06 8.333625090126016e-06 1.1143244642331453e-06 1.122710909185472e-05 1.6423158586324963e-06 3.930203661651987e-06 4.777641360757246e-07 5.728391988455189e-06
9.755741102932101e-05 0.002627544572540635 2.0105193439773257e-06 5.2423407648995175e-06 0.007638728077064947 -0.0007831517497311471 -2.121976066856264e-05 0.0001351333126348186 4.194595156661798e-05 0.0013181491115191212 1.2498210157021884e-05 0.0005774096565022631 1.884794580581023e-06 3.335191311249355e-05 0.00038580828774932487 -1.1599271873738854e-06 4.0010143815383655e-06 1.8474644823993851e-06 2.8426156453814055e-05 3.674173572057807e-06 7.122513309867728e-06 1.6482857884169726e-06 6.558825149484685e-05 1.1373998656020928e-06 1.1380517020764027e-05 3.0596403712236455e-07 2.478910709978604e-07 1.727615429933665e-05 7.067748018531205e-06 1.022363428118912e-06 3.19263003670886e-06 2.993188096733172e-06 2.3277368058727553e-05 1.5408926537041606e-06 9.686881986357565e-06 4.6026250790179443e-07 4.396522625679193e-06 4.218341407899277e-06 2.087689513503305e-06 7.529542133892476e-06 1.0037719360623523e-06 1.0336966110441119e-05 1.5661319592540948e-06 3.5146940326917425e-06 4.310599752791805e-07 5.293574044827532e-06
7.115553560102376e-05 0.002057555711892735 8.366483875424865e-07 3.9885762510924636e-06 0.006755427595540293 -0.0005644278530492087 -1.3647413026814371e-05 9.399812951674193e-05 2.49764789668429e-05 0.0008426258286210365 9.01446794654911e-06 0.0005007227439448635 9.191445531994846e-07 2.26183699233107e-05 0.0003097039870598633 1.8816397823377015e-06 3.865048976328814e-06 6.197008130987519e-07 1.0086648852356367e-05 -3.67943339396928e-07 4.480391995295736e-06 1.614203556644262e-06 5.891967725918016e-05 9.781269846538068e-07 1.0245505958284266e-05 2.75051135002027e-07 2.26291056449239e-07 1.611839326700195e-05 6.341153196622228e-06 8.944085047825962e-07 2.8531075231752665e-06 2.6882972211982757e-06 2.1330469406175687e-05 1.382447468841844e-06 8.945986382187766e-06 4.313717155068268e-07 4.045375374278078e-06 3.913031955950608e-06 1.8550373981523219e-06 6.73943622599489e-06 9.01525282403708e-07 9.590360037483752e-06 1.3592155757124253e-06 3.13189985021725e-06 3.8654859494186603e-07 4.927639171805136e-06
4.9127144358370675e-05 0.0016050675915383027 1.2430140263175398e-06 2.460530226331707e-06 0.005957992380849802 -0.000412866632636622 -1.0231183377220532e-05 7.09201778873437e-05 1.2438542503545698e-05 0.00047116639268951423 8.236495726334545e-06 0.0004589817650649059 2.818580511147111e-07 2.4385232385593232e-06 0.00024287710288712966 1.2882147425487134e-06 -1.7309771453483773e-06 4.7103230238049534e-07 2.9366974163125612e-06 3.285419580301074e-06 -1.3572475837090265e-06 1.5235315262436275e-06 5.550909206288458e-05 8.376880592436486e-07 9.17602036979472e-06 2.4477201286277953e-07 1.9677579078188713e-07 1.5025027008021902e-05 5.669293088376789e-06 7.743259423933243e-07 2.573167716974066e-06 2.4319539946649572e-06 1.955697058092563e-05 1.2302698840228268e-06 8.13863561196681e-06 3.803132319380744e-07 3.7456824939288664e-06 3.594994279405779e-06 1.6398090796206174e-06 6.079532180824169e-06 8.177589367289055e-07 8.868368129796832e-06 1.246045472823533e-06 2.8840313200947368e-06 3.4775818474024355e-07 4.520181704230913e-06
6.412133906965411e-05 0.002308858547502963 1.3457572780821903e-06 2.9762665967315275e-06 0.010035542258463068 -0.0005546183836210147 -1.3495358753874508e-05 9.147835565887802e-05 7.956211257133699e-06 0.00029082031037713313 9.933687116455474e-06 0.0006788553411586384 1.474351891007835e-07 1.785232161585449e-05 0.0003630147162107466 1.577204358105084e-06 -3.3168022841679137e-06 -5.3940482098503215e-08 -2.2532788911053928e-06 2.6582168625660787e-06 2.6568859499241927e-06 2.1194785204268608e-06 9.353440003353329e-05 9.908645380606942e-07 1.1197984926990111e-05 2.971837384719893e-07 2.2572035628612398e-07 1.9286181415823944e-05 6.9105233442966175e-06 9.369697471989707e-07 3.155683614213408e-06 2.972736033052569e-06 2.4588581570122896e-05 1.4575454691126045e-06 1.0277082860569184e-05 4.5036181688969984e-07 4.742155762708831e-06 4.53305379007869e-06 1.9802227231249264e-06 7.362384092363711e-06 9.624160788856697e-07 1.126354064352212e-05 1.488771347629201e-06 3.4274390134975137e-06 4.118779918990986e-07 5.797479735324408e-06
3.705524535319144e-05 0.001452897982609246 7.966475391300329e-07 1.5258970641877722e-06 0.007957049985677644 -0.0003005493851405685 -8.04719507427097e-06 4.5768747087616136e-05 -2.400718079278225e-06 -0.00016010752996966653 5.693596071108451e-06 0.0004926790464437322 -4.3042125992988153e-07 -8.326118798207268e-07 0.00023866536404533388 2.1648174484021825e-06 4.909679431800193e-06 1.0143406502392564e-06 1.092001489353457e-05 2.804667067187234e-06 -7.484033774550125e-07 1.8620372700413268e-06 6.866093945857286e-05 7.907403867596126e-07 9.232654674943686e-06 2.4283649590634676e-07 1.9776739579057736e-07 1.6952374362849293e-05 5.691902162942146e-06 7.623418436002933e-07 2.587587141723872e-06 2.414856651820084e-06 2.098662023522299e-05 1.2310244012392634e-06 8.919800453223261e-06 3.768750236267266e-07 4.130830986437991e-06 3.974390911760468e-06 1.6477630532991367e-06 6.051440928955272e-06 8.268767423561847e-07 9.866134167047086e-06 1.2429478605253808e-06 2.75896866302981e-06 3.386481274247746e-07 5.071103958652474e-06
2.268272192509383e-05 0.0009317608446730096 8.560191655608803e-07 1.689787357732734e-06 0.006302866923917645 -0.00018170846190278625 -5.2525159870199304e-06 2.8193671635365338e-05 1.561914427864341e-06 -0.00032020287483427144 1.6675873104735643e-06 0.00035320561405022776 6.83490668343884e-07 -5.786632279389342e-06 0.0001680050570251251 2.2011870589630685e-06 -4.4084628715130766e-06 -3.3079063753229376e-07 1.0181264805537337e-05 -3.3197834337591546e-07 -2.638664813593252e-06 6.295862450353999e-07 5.558502859283952e-05 6.855462605001717e-07 7.64621426291306e-06 2.217588039551756e-07 2.137132533859143e-07 1.4962282414482696e-05 4.770785800452311e-06 7.080650075007321e-07 2.193754525172685e-06 2.1240410205165974e-06 1.8045046737323834e-05 1.1182639707135072e-06 7.683776529124255e-06 3.8908709487722553e-07 3.619299815376792e-06 3.5469907325696368e-06 1.3674220265250125e-06 5.054980052044849e-06 7.402349033656528e-07 8.557473006225382e-06 1.0518920534256194e-06 2.346522348945225e-06 3.307711342402411e-07 4.436592199789511e-06
1.1567274943728232e-05 0.0006352900040880747 1.4414630908439742e-07 5.772447753384654e-07 0.005081316572981931 -0.0001094749188501208 -1.0836671575498403e-06 1.2264459512586552e-05 -3.4465787388346543e-06 -0.00037037634738806667 2.3765492064652595e-06 0.00026079599014398484 4.913164400702683e-08 -1.0830547516993434e-06 0.00011469602757432511 2.9989581238341833e-06 -1.1155467314765688e-05 8.249801050800192e-07 1.2749642811444665e-05 2.1676050363855443e-06 -4.555100163460397e-06 8.089630344083487e-07 4.7400142277158615e-05 5.982453407839989e-07 6.423739012509268e-06 2.003369632902741e-07 1.7512203914204198e-07 1.3311286915960954e-05 4.046984981056763e-06 6.323468717918168e-07 1.908946247633618e-06 1.7850820795279639e-06 1.573946951015659e-05 9.431569165974242e-07 6.716063225185625e-06 3.547364092872425e-07 3.1929997018520265e-06 3.100600802593082e-06 1.1735974199935736e-06 4.31766304999236e-06 6.148621277229541e-07 7.553262312933071e-06 8.738270069984162e-07 1.9611331667898175e-06 2.583422183638956e-07 3.861656213759099e-06
6.35665753773395e-06 0.00043098881845162943 5.221286492621066e-08 3.48392327058662e-07 0.004079834479461893 -7.100928134326658e-05 5.6888595415616535e-08 9.430463911551062e-06 -3.5809096409046656e-06 -0.00037506108670867013 2.0378945128152057e-06 0.00019258428539746847 -2.584137057382303e-07 -1.9737626853927087e-06 8.65550213872574e-05 1.5831872823806593e-06 -6.328340896428649e-06 -1.3286014616499108e-06 -3.4447104022649846e-06 2.8992427311279454e-06 -6.504732206471579e-06 -1.7181075039068574e-07 4.012339220277077e-05 5.471475536493179e-07 5.415168450958208e-06 1.7446558891996064e-07 1.5878683605610467e-07 1.1851101280693177e-05 3.546541733226321e-06 5.857300250186103e-07 1.6579098300931198e-06 1.570482117494334e-06 1.378011939399872e-05 8.853522872934896e-07 5.9861540240639515e-06 3.0090489229503355e-07 2.817590117245356e-06 2.742499426321472e-06 1.15124881331339e-06 3.8704075187510275e-06 5.600919789774475e-07 6.750597265226233e-06 8.511036536008857e-07 1.731610938876509e-06 2.441249173481832e-07 3.44697313814061e-06
7.12054289015657e-06 0.0005029949473107235 -2.908228161164511e-08 3.6014547559895585e-07 0.005880292370604256 -6.473012451086107e-05 -7.063293397816237e-08 5.020205466840009e-06 -6.728508069594674e-06 -0.0005868562962907796 1.632111350276558e-06 0.0002438343617416302 6.709258856937895e-08 -6.24974168874114e-06 9.926549589520998e-05 2.2215127287985166e-07 2.4825067162658122e-06 -8.789387624626119e-08 6.961950145665597e-06 3.1153026755149733e-07 -3.4382991540646175e-06 2.666564795090839e-07 4.6405603047477386e-05 5.328235617668111e-07 6.041504569113757e-06 1.8483317660579437e-07 1.773286552343297e-07 1.4091362968068072e-05 3.8158083188889076e-06 5.776604860251646e-07 1.8053156892627413e-06 1.7150361698609788e-06 1.5954499452682252e-05 9.153612124642697e-07 6.912888264850425e-06 3.419716627005573e-07 3.2823686021424035e-06 3.2208651783607992e-06 1.1621789661942513e-06 4.181077759555322e-06 6.423427542277265e-07 7.956601559567413e-06 8.953858249943243e-07 1.897535155080155e-06 2.668950516192613e-07 4.1185439422248e-06
2.4828465638905944e-06 0.00023714084294143808 1.3909540266227406e-07 3.6882930253815805e-07 0.003739408529399873 -2.6313214684413723e-05 8.891067726228829e-08 1.4725855725105574e-06 -3.03711533522498e-06 -0.00046804708458014023 1.2792987485442084e-06 0.00012906390913200038 1.7699053285144135e-07 -1.1679704655776945e-06 5.60565883229963e-05 1.3356017620041953e-07 2.813598620621052e-06 3.8410525317157395e-08 7.836723967712352e-06 1.3583176064765751e-06 -2.438939223229768e-06 6.724983956869228e-08 2.5519656908628857e-05 4.612320309716255e-07 4.462040609030158e-06 1.5767359755533553e-07 1.4874684545079636e-07 1.1147479463635744e-05 2.954735058283737e-06 5.324129159262867e-07 1.4245823669027038e-06 1.3558894636532034e-06 1.2341792340349406e-05 7.852519240962266e-07 5.520400454174117e-06 2.7772292856414407e-07 2.61881072127444e-06 2.5874516749230173e-06 1.0043863290451957e-06 3.2843069425849335e-06 5.556126048791969e-07 6.305427538821425e-06 7.670836979979118e-07 1.4545930240835915e-06 2.1697077592642264e-07 3.23340130345858e-06
2.919460483849993e-06 0.00023915295329230972 4.4667180619351824e-08 3.302704293188843e-09 0.007479115722316514 -1.8722141351868532e-05 -5.065226865653132e-07 -1.4019566874616205e-06 -7.5134686748624835e-06 -0.0008633123018700503 2.2246597615131433e-06 0.00015556952420744542 -4.393993606471084e-07 3.883860606416827e-06 6.155920959790259e-05 1.260069169837703e-06 -5.148786473728769e-06 7.693635049316297e-07 1.2908440621330587e-05 -1.9055558319725796e-07 -2.3473820352234807e-06 2.967246103748237e-09 2.4763869584198638e-05 4.988960813929246e-07 4.9229722163461605e-06 1.7943268635287415e-07 1.8220685792273344e-07 1.5446939747094724e-05 3.315773560063952e-06 5.929554206109581e-07 1.5735021688095218e-06 1.5743333918068035e-06 1.628927497447211e-05 9.226123779940193e-07 7.426120472902797e-06 3.3583171397386367e-07 3.4780110627342697e-06 3.434496454806882e-06 1.129769155872136e-06 3.660867352675876e-06 5.853844002555231e-07 8.398431869829317e-06 8.48812845269461e-07 1.5960551065896584e-06 2.936497007949021e-07 4.406721853682204e-06