=== costheta bin 0.6-0.8 ===
For each bin: first 23 entries are fitted EFT parameters, next 23 are their uncertainties.
0.00035599338245925944 0.0012599389242976362 0.00023895328072834888 0.0003572982946897873 0.0018848840972389106 -0.0013323205249852522 -0.0005835007563175548 0.0011055535856213695 0.0013448710290854332 0.003081378795944427 -0.0007034280953354483 -0.0016117830387010414 0.0005821981544181116 0.0013464002910872402 0.0016475319394141114 1.747703536827747e-07 -2.344684820309366e-06 7.599119627899206e-06 -1.181113926819052e-07 -1.0073218371179834e-05 1.599721032471496e-05 7.737492383299625e-06 1.509915651624026e-05 1.3374240581417778e-06 6.345582042393158e-06 5.690019782061802e-07 6.746545930623351e-07 8.222977304149268e-06 5.205247466360535e-06 1.6653104252273887e-06 3.1863040298991212e-06 3.663326744897087e-06 1.1674715449383987e-05 2.4262283152191135e-06 5.779809996532931e-06 1.061372628430319e-06 3.5470490223284923e-06 4.150010952749196e-06 1.924751479078324e-06 4.725674144319334e-06 1.9064225925215125e-06 5.732448272889459e-06 1.284931722989911e-06 2.0208731681391947e-06 8.536900451804404e-07 2.9890965010407607e-06
0.0005770812602616515 0.0020804912897424486 0.0002909162995507693 0.0004085741653952369 0.0029178708218501772 -0.002173146560638802 -0.0008163010140134747 0.0015582400775916245 0.0018393443955748087 0.004915472049234693 -0.0009524695320215647 -0.0025548572966260143 0.0006872372269314177 0.0018404708889657145 0.0021826631758431565 -3.8028783671779193e-06 1.1893493410909787e-05 1.2472602539236155e-05 1.2429725290473785e-05 -1.2038797696637342e-05 1.976511845224029e-05 1.0335273248070431e-05 2.6434667386352187e-05 1.6990016604031708e-06 7.954528896410531e-06 6.307043009848076e-07 7.218074929138288e-07 1.0046993500017674e-05 6.405867027802402e-06 1.9207084709872077e-06 3.7151001993561826e-06 4.111939706129784e-06 1.4277230459541923e-05 2.7036502832055938e-06 7.039694018520651e-06 1.146135552307208e-06 3.994033955880752e-06 4.6330460894907575e-06 2.4208449232271613e-06 5.854531811312915e-06 2.046198168263531e-06 6.784602997082878e-06 1.5330107611969503e-06 2.760991803690861e-06 9.063054055428577e-07 3.121085723943642e-06
0.0006979692399372759 0.0025622106751837363 0.00025283683827347265 0.000324001275189626 0.0032692562475649467 -0.0026580125023053063 -0.0008349265850719553 0.0016074772464752035 0.001812488686414177 0.005768052792324685 -0.0009286114009008081 -0.0029639407102974784 0.0005699549192808564 0.001810385962553126 0.00205996526028359 -4.699585136303841e-06 1.2766523386333035e-05 1.214069403002497e-05 1.1042998892280106e-05 -1.2960662111197784e-05 2.459278161479664e-05 9.062310532487964e-06 2.3939180953155e-05 1.8890570303356898e-06 8.599849590576964e-06 5.958739952303387e-07 6.468556159391526e-07 1.0516185956747661e-05 6.810032670113017e-06 1.8996699046640835e-06 3.6502675440889567e-06 3.854180302023412e-06 1.5199989815254465e-05 2.5521945327906997e-06 7.483693891181827e-06 1.0441845332714182e-06 3.874904697924818e-06 4.421919434592157e-06 2.5990622996597056e-06 6.04422383504172e-06 1.8918997784650561e-06 6.7322911464982195e-06 1.5610523654493555e-06 2.8538206033445548e-06 8.202625542906088e-07 3.5212531615215545e-06
0.0008123021685300617 0.002967430555832953 0.00021451678982110095 0.0002456787328885043 0.0033854140539597817 -0.0030941297594690026 -0.0008300853549909323 0.0015941111645678332 0.0016984250432192259 0.0063086625299300265 -0.0008730863336602061 -0.003255044363123562 0.00045733334883501256 0.001694136479448832 0.0018200689147594234 -9.21591614701395e-06 1.4917527386893052e-05 1.2135245677303469e-05 1.766913380640032e-05 -1.6692043827999564e-05 3.0068807934764126e-05 8.930802601718399e-06 3.12171617960611e-05 2.0333059841925206e-06 9.161601485743524e-06 5.492394351221902e-07 5.665947019172377e-07 1.0740542916543156e-05 7.262175232811988e-06 1.8889802955006943e-06 3.5660781815322674e-06 3.621681536285193e-06 1.5946289895329604e-05 2.4301381550859546e-06 7.727308253019529e-06 9.366235214275847e-07 3.7434484434661867e-06 4.087487107066695e-06 2.70134897590992e-06 5.882727691839453e-06 1.744928357030745e-06 6.758668953883012e-06 1.5911031416179844e-06 2.693441338113289e-06 7.48087855446684e-07 3.67170565881487e-06
0.0009862361138315786 0.003427954067886989 0.00018811751209381455 0.00018289416672827877 0.003325385006746065 -0.0036643880538291197 -0.0008573842391198336 0.0016052662238301425 0.0015728891441115728 0.006719479994151851 -0.0008285643035754781 -0.003557336520164358 0.00036884012571782656 0.0015731606729557722 0.0015580179580839142 -8.320507065058478e-06 1.9485507530743385e-05 1.0360281952009233e-05 1.5444224258898432e-05 -1.4509936801095623e-05 3.020891020128523e-05 7.256358845074585e-06 3.0038761582450654e-05 2.2377299684629036e-06 9.826227127882237e-06 5.24834544339042e-07 4.978955782675189e-07 1.0608059353295522e-05 7.835508750080236e-06 1.9377098332706085e-06 3.585415793389373e-06 3.4826694794926158e-06 1.6533630414058608e-05 2.3586913197470525e-06 8.142540896871532e-06 8.644755877021737e-07 3.6769730192734605e-06 3.7456663890204164e-06 2.987095808152566e-06 6.364673027504203e-06 1.5625260424003968e-06 6.668780277554878e-06 1.7532661089535322e-06 2.800360134202257e-06 6.717655386400088e-07 3.361447439032909e-06
0.001313788162663315 0.004236556823339693 0.00017953796297981436 0.00013700189505320152 0.0032414877224489383 -0.00469236471159324 -0.000965555028493009 0.0017440994212505182 0.0015083188237848648 0.007342518459888693 -0.0008196750914192312 -0.004008771879050389 0.0003108485239669629 0.001509578185739149 0.0013320902823901093 -9.322587660700995e-06 2.084702311859338e-05 9.863874846283663e-06 1.4272223336516132e-05 -1.6930849451866966e-05 3.279363969867399e-05 6.455103651455294e-06 2.968964426869086e-05 2.5902304173052528e-06 1.1030708182205384e-05 5.3783577880244e-07 4.486748484963071e-07 1.0756323341096846e-05 8.887509881455694e-06 2.095342369272879e-06 3.7792070180726936e-06 3.5622680302491544e-06 1.772342976994438e-05 2.4966996169752064e-06 9.201004218507976e-06 8.366256280314805e-07 3.8512869628170274e-06 3.5425170203515e-06 3.485578157950028e-06 7.155528592857842e-06 1.4800593518217243e-06 6.883480331048184e-06 1.925568940732931e-06 3.324069213620747e-06 6.114645874385314e-07 3.4912598704572117e-06
0.0013449470222722385 0.004568735233782256 0.0001502794126492456 0.00010392700716803407 0.003107644684195502 -0.004884522111953649 -0.0008864238234905106 0.0016537276500624678 0.0013385202989632137 0.007342172893478059 -0.0006881589928939928 -0.0037758447607853167 0.00024363415584957265 0.0013300018664138226 0.0011351470418517868 -5.673130852272529e-06 1.6611563229467125e-05 7.418616387130233e-06 -4.371361540424913e-07 -1.683041397623437e-05 3.288627527379156e-05 4.96367559157378e-06 2.6294064043691787e-05 2.675071881444601e-06 1.1671086533176758e-05 5.021859493736154e-07 4.175468864326354e-07 1.0891902743709304e-05 9.38614053275769e-06 2.0885298680147175e-06 3.868268276253632e-06 3.59858564642323e-06 1.8394696788294046e-05 2.5220155189553303e-06 9.708201323184875e-06 7.831967300928848e-07 3.883679658135362e-06 3.4242341639881517e-06 3.63405779215689e-06 7.531736406311774e-06 1.473239574641753e-06 7.121140136274589e-06 2.146990264028373e-06 3.5021601308202423e-06 5.77941743140646e-07 2.9785327760399205e-06
0.0012282579406146983 0.004564466894106594 0.00012003552691535217 7.815835154146343e-05 0.0029905567586110196 -0.00462296230656104 -0.0007491858404285158 0.0014771828484394225 0.0011274732601934216 0.006991109682176809 -0.0005298341516997012 -0.003273244787668809 0.00018355061693364094 0.0011349302201351047 0.000965566848081243 -1.8688120581674945e-06 4.793232511649309e-06 5.3449019518826814e-06 7.1975547751272255e-06 -1.6808575730492705e-05 3.0324354344148387e-05 4.312965934172093e-06 2.56842046529584e-05 2.6058414367965744e-06 1.1845133120618877e-05 4.666231064188931e-07 3.8366520736079175e-07 1.0995373889698311e-05 9.404365429422365e-06 2.0063244948268696e-06 3.8273508225339786e-06 3.559439136252943e-06 1.8671467425646757e-05 2.4201568782403983e-06 9.902690387104662e-06 7.2215404905805e-07 3.805320866628271e-06 3.3343915760370934e-06 3.530996283615955e-06 7.787517695764421e-06 1.3934734291705526e-06 7.528758645480864e-06 2.167909061641278e-06 3.575417575737829e-06 5.192450344895418e-07 3.129788274976245e-06
0.0010658626732358736 0.0043714154477357955 9.188007041520509e-05 6.052560747750965e-05 0.002829135459999424 -0.004177319045349301 -0.0006064971797818883 0.0012670600655673853 0.0009368325585311658 0.006426778378040902 -0.00039684996320351164 -0.002727501888090596 0.00013588882744625065 0.0009323833363352134 0.0008280767256061295 -1.7786359638035403e-06 1.1655286809070521e-05 5.572618769345773e-06 1.7313410170404272e-05 -1.3231438125127872e-05 3.136262438925095e-05 4.359174258147495e-06 2.7414058982497362e-05 2.4709863119039986e-06 1.1833041158981292e-05 4.2757328571954937e-07 3.609635308488943e-07 1.094901458128821e-05 9.174724797824261e-06 1.877820324768902e-06 3.7016589080560135e-06 3.4638410498140956e-06 1.846284838613459e-05 2.2965804183338234e-06 9.777387436265334e-06 6.779156540852069e-07 3.628865847787141e-06 3.2247146226915055e-06 3.347698138063859e-06 7.725525138818984e-06 1.3480594652148843e-06 7.446089296645443e-06 2.090426429021944e-06 3.5855808439319142e-06 4.897394236575344e-07 3.3405563027232932e-06
0.0009071782693271831 0.004050615342249058 7.173338807133975e-05 4.6742968854520524e-05 0.002677225631540019 -0.0036849241652880263 -0.0004908041745530198 0.0010753566106441073 0.0007625728689260663 0.005775891484625137 -0.0002931014083184077 -0.002219072496226935 0.00010129102460662752 0.0007639722563527067 0.0007074361853676369 -2.063379372136436e-06 7.4480761835318185e-06 5.233297095219787e-06 8.691069071604087e-06 -9.317754394515648e-06 2.7430986779344448e-05 3.973984104656619e-06 2.8761436936508365e-05 2.3130926474454682e-06 1.1600409799434193e-05 4.2826708799291905e-07 3.399883237212484e-07 1.0865022578868185e-05 8.818171702845541e-06 1.7850875748696857e-06 3.5259923729697295e-06 3.3167214253976354e-06 1.8143988795854215e-05 2.1724052900261632e-06 9.54021196453684e-06 6.397637097879977e-07 3.6218883049426794e-06 3.1219824272210195e-06 3.147817339473527e-06 7.5369572369946025e-06 1.284971741579638e-06 7.432051097475511e-06 2.0077245533304643e-06 3.509644616855699e-06 4.5043008775277675e-07 3.3550919464433003e-06
0.0007550700945779573 0.003703081403333013 5.426241594899562e-05 3.6642279053443194e-05 0.0025576810429553806 -0.0031821271825350616 -0.0003859454578479705 0.0008970678511896666 0.0006185032114307866 0.005152571246364299 -0.00021240994742594728 -0.0017666761615451909 7.509971157869134e-05 0.0006240653566374813 0.0006097079705384175 -2.1462785038026223e-06 3.884894868434455e-06 3.583814442911107e-06 9.49935363785336e-06 -9.565593591687636e-06 2.184845705535876e-05 3.0592768024354258e-06 2.6403979795294954e-05 2.1391665517229114e-06 1.1240376147496587e-05 3.919915560051786e-07 3.1786836484313185e-07 1.0742523545960306e-05 8.365532700154555e-06 1.6407336151920288e-06 3.345843451480789e-06 3.1700098944818125e-06 1.7788266997067264e-05 2.0331700752865134e-06 9.244001663968652e-06 6.023923652630477e-07 3.4605609209692662e-06 3.052310524786864e-06 2.9437066073845477e-06 7.267483762816333e-06 1.200430161739814e-06 7.373273874740716e-06 1.8780630939090738e-06 3.3962212016365473e-06 4.255890366560704e-07 3.396686395072428e-06
0.000619567384497282 0.003359894934618162 4.132620160345479e-05 2.8328272772446954e-05 0.002380473499498902 -0.002740632740695044 -0.0003015936916964147 0.0007428600841339811 0.0004948241545716397 0.00450053968562768 -0.00014992351380331976 -0.001374028837460119 5.4845897987907335e-05 0.0004984970458935821 0.0005159082202948548 2.2816025186575397e-06 -6.484890811440717e-06 1.804675842084514e-06 1.1290332270236795e-05 -4.0841878976924954e-06 1.659334388483636e-05 1.7809447705488623e-06 1.925979391854915e-05 1.9654863301072537e-06 1.0792541155452832e-05 3.6610440854530105e-07 2.951873316199009e-07 1.0446303420813683e-05 7.842837363539331e-06 1.5022402322320557e-06 3.1628815353056835e-06 3.012075939424508e-06 1.7320124479849568e-05 1.859033089579786e-06 8.766464962346162e-06 5.485427827098888e-07 3.3166926132075075e-06 2.9462585389259114e-06 2.7367302584063203e-06 6.993533109283027e-06 1.1132716558960584e-06 7.243654977066453e-06 1.7757189670872288e-06 3.2923674626379568e-06 4.002277257204806e-07 3.361988975756379e-06
0.0005047031023559397 0.0030298248236659887 3.097582655788739e-05 2.2742184920824696e-05 0.002259566226668021 -0.002328264350200001 -0.0002349422042906698 0.0006117866222080038 0.00039986324750961337 0.003966219768047736 -0.00010647261792575811 -0.0010609192629651534 3.973650068917542e-05 0.00039783771469410203 0.00045314817156985577 -6.800015310936344e-07 1.4968970175963674e-06 1.6486389462466924e-06 9.762094535358936e-06 -5.123843227346524e-06 1.7094894039790628e-05 1.9675555255760933e-06 1.887634117501633e-05 1.8023529387619793e-06 1.030829458506923e-05 3.412084994070998e-07 2.7113344594139927e-07 1.0193871773215938e-05 7.37409924503696e-06 1.3830024096536004e-06 2.9815978761316127e-06 2.85202191948071e-06 1.6764880319102734e-05 1.7144452411585156e-06 8.261666984583598e-06 5.033196014065035e-07 3.1936284134558065e-06 2.839686214337245e-06 2.5189352476603107e-06 6.682350406798313e-06 1.0287331244351463e-06 7.014544165383105e-06 1.6499310694194073e-06 3.19553495953644e-06 3.660315620497896e-07 3.2716632218947775e-06
0.00040828177848774565 0.002705851515917051 2.315750178858376e-05 1.7993107225266916e-05 0.0021304643357246645 -0.0019685222120666788 -0.00018211731094543417 0.0005016555772299745 0.0003218904784581399 0.003453516432142688 -7.755451671453053e-05 -0.0008052271041404784 2.951993481919278e-05 0.00031777988093960525 0.0003922391974771544 4.099570140163186e-06 -4.3105483418682575e-06 2.9655790051660142e-06 1.041832073861955e-05 -4.099162442151758e-06 1.8507692236774956e-05 2.6685612906212217e-06 2.2954280672385196e-05 1.63622452030366e-06 9.808083996314207e-06 3.2236784179194494e-07 2.493459602035004e-07 9.87638313400926e-06 6.927924079992652e-06 1.2860480206923503e-06 2.79482485061479e-06 2.661744418184081e-06 1.6196815587608685e-05 1.5797894088593645e-06 7.821226245964092e-06 4.644102592506028e-07 3.0690717921353526e-06 2.739371251341074e-06 2.322715521356069e-06 6.286507062955432e-06 9.552885239089542e-07 6.778082202197602e-06 1.5196944069192729e-06 2.9830287109664902e-06 3.356544350054523e-07 3.1723558476799607e-06
0.0003314578518582251 0.00239292386757387 1.686559491455336e-05 1.454618616374319e-05 0.002008976074330287 -0.0016520688367065066 -0.0001396970121661554 0.0004035818385332915 0.00025256803900020964 0.002980504574400641 -5.0765771487528436e-05 -0.0005964084117488867 2.0988219083804934e-05 0.00024974655358225313 0.00034103630023764287 -8.020186758532574e-07 8.382365047922416e-06 2.320585472252763e-06 1.2450318083459238e-05 -4.211270501213195e-06 1.5835901095810487e-05 2.1896766883067747e-06 1.966948159511202e-05 1.4974133153799747e-06 9.326915792685446e-06 3.0335838633151367e-07 2.364218999414809e-07 9.58091575223672e-06 6.4745991849000126e-06 1.1843119889019307e-06 2.6229427480773565e-06 2.5225453830886534e-06 1.55798197315317e-05 1.494801681218011e-06 7.4172183568948784e-06 4.4657083276799864e-07 2.945468929598487e-06 2.6513944842668133e-06 2.1486321518251794e-06 5.91020153244915e-06 9.012672516412643e-07 6.51577190762122e-06 1.4150262185458372e-06 2.8754193994661512e-06 3.3099632740630974e-07 3.083417528588799e-06
0.00026828486739040227 0.0021352836465632855 1.3081536087652501e-05 1.1733339120551039e-05 0.001886855900959056 -0.0013995261234821493 -0.00010955442621393456 0.0003339394358019897 0.00020362139556219454 0.0026019215374994027 -3.534743835284242e-05 -0.0004461191773227966 1.58887527090276e-05 0.00020044971037100546 0.0002981640480131478 1.234281054687155e-06 -5.872762095732748e-07 2.5403205145991494e-07 -5.060535510993457e-06 -1.2074206291446186e-06 1.0161853242496934e-05 1.5372723973875417e-06 1.6619614788961118e-05 1.3624867758296407e-06 8.84160564634324e-06 2.706201945532662e-07 2.2019017535506739e-07 9.286209071005548e-06 6.0284611412521434e-06 1.0640407846564893e-06 2.455186424944926e-06 2.35895199951694e-06 1.4898858625461533e-05 1.3679517394640131e-06 6.956886250309065e-06 4.0600514910716057e-07 2.766311123361596e-06 2.5149023162182183e-06 1.9913629743082716e-06 5.608706204807e-06 8.478876061021899e-07 6.220045989803222e-06 1.297721945858738e-06 2.7212170603665933e-06 3.109841123372822e-07 2.9540222558804433e-06
0.0002157849879794155 0.001897896014692292 9.50910084858036e-06 9.407661315113332e-06 0.001784889610568768 -0.001174542891416436 -8.386240139751491e-05 0.00027325184954002065 0.00016473221964459625 0.0022427034779530985 -2.4865875819886094e-05 -0.0003238396744936846 1.1615248447259107e-05 0.00015918725258247716 0.00025902985800747207 2.5191207652261425e-06 -3.9232013909853044e-06 4.726914535558239e-07 -1.1190339243631787e-06 -1.1230316216037212e-06 7.284231515620405e-06 1.1902548542812962e-06 1.4401740624115577e-05 1.2410853010393083e-06 8.36486120682671e-06 2.553348059864849e-07 2.0466064823464912e-07 8.987493382838522e-06 5.66234595146793e-06 9.808489061476236e-07 2.3218269977685942e-06 2.2315334139838844e-06 1.4316680478356195e-05 1.2737991873942465e-06 6.5538812335055966e-06 3.788207379143769e-07 2.65471788905941e-06 2.4264242793018303e-06 1.8176192791079731e-06 5.2979469641933186e-06 7.787224076572946e-07 5.961936119124114e-06 1.2011084847650324e-06 2.5771100109260933e-06 2.955111216063932e-07 2.898895358916601e-06
0.00017639931276117163 0.0016736764338000803 7.422184361653287e-06 7.692157293983889e-06 0.0017018303799998405 -0.0009952107215159714 -6.632239745670704e-05 0.00022821166888096136 0.00013337291284254256 0.0019515793590122383 -1.6065472905202885e-05 -0.0002374984804026912 8.782157830799167e-06 0.00013415566576750965 0.00023098180761832834 -4.217801961981537e-07 4.25431697568611e-06 4.0787375847243383e-07 8.341772599665022e-06 5.239331497353973e-07 6.9661521028283665e-06 7.508315017859706e-07 1.3257155825743443e-05 1.1305352996957745e-06 7.948673406144994e-06 2.3976398790478083e-07 1.8317232034036679e-07 8.727084458712586e-06 5.274067923247686e-06 9.066271065280097e-07 2.172534511229307e-06 2.078454435286634e-06 1.3754788676702597e-05 1.1575077105535186e-06 6.195514931685352e-06 3.410071427659825e-07 2.5365982566192154e-06 2.3264103117427235e-06 1.7122396384372542e-06 5.042039910312994e-06 7.093180926871773e-07 5.685652833506719e-06 1.1390774143826942e-06 2.465911365899842e-06 2.809229067758989e-07 2.765322350255404e-06
0.00014519286932419085 0.0014888404187540947 5.946410965633628e-06 6.607814222078091e-06 0.001605378362040906 -0.0008410751319570262 -5.3590999402844167e-05 0.00018859163356182008 0.00010710079493479348 0.0016798569122403134 -8.752159056723544e-06 -0.00015506055654365325 6.5916217411244585e-06 0.00010665809606702255 0.00020493746546549127 -3.5695312447121994e-06 1.4288165832592263e-05 9.282526632324119e-07 5.407609123395762e-06 -1.27480673996461e-06 1.8963190080613644e-06 6.593283612922764e-07 1.1597702146865878e-05 1.042095679703627e-06 7.5304173586504015e-06 2.235528332312441e-07 1.7823484438848994e-07 8.438586996009586e-06 4.932611357344832e-06 8.420912689756415e-07 2.057215174724552e-06 1.985372090735895e-06 1.3193479239637636e-05 1.103986628007689e-06 5.857366199941201e-06 3.3207765572359485e-07 2.4330186710189116e-06 2.2570423197809064e-06 1.5696105224941502e-06 4.778707795619576e-06 6.830590875949226e-07 5.393940707378555e-06 1.033579925035531e-06 2.3109053421402253e-06 2.7524869704482474e-07 2.7036937528958384e-06
0.0001201613732716508 0.0013328914797265412 4.304798661829548e-06 5.3175080264878e-06 0.001503479763532466 -0.0007179514816215359 -4.148739574603247e-05 0.00015665729854180072 9.031071775491471e-05 0.001472265554414209 -5.861346015209833e-06 -0.00010640910898748182 5.025756565108802e-06 8.867556524737809e-05 0.00018001007691147622 1.8410556695302956e-06 4.679607260656964e-06 1.6245512044822179e-06 5.198070743129275e-06 -1.2242328961361208e-07 7.186619864388131e-06 9.024651450825771e-07 1.3056586867128124e-05 9.6642852660044e-07 7.170591883964046e-06 2.1035387437843105e-07 1.6567818850455712e-07 8.159153857164584e-06 4.7336157172836925e-06 7.850096569186815e-07 1.949389185420234e-06 1.885012703278956e-06 1.26473915156859e-05 1.0148231987823786e-06 5.54572337028627e-06 3.085210474036328e-07 2.304383296858907e-06 2.162546150591336e-06 1.4716692920529328e-06 4.596547213781204e-06 6.380974651081407e-07 5.2443072940622945e-06 9.830622065461987e-07 2.228631570564278e-06 2.535145558971403e-07 2.6022684312769522e-06
9.942166681172068e-05 0.001181295207589286 3.3415214658085183e-06 4.428728373070319e-06 0.0014168877975717165 -0.000614876853434323 -3.3915165671500725e-05 0.00012933552466026443 7.082317334205697e-05 0.001260627001535276 -4.096181655809824e-06 -6.118442507315345e-05 3.5737926333604153e-06 6.641250661507689e-05 0.00015753205867623964 5.444291929782454e-07 3.53543807036442e-06 8.628515414621246e-07 8.963816027828965e-06 -1.310539597978539e-06 6.483040602768465e-06 7.680250949115193e-07 1.2053891179904066e-05 8.964406982890407e-07 6.795720844390072e-06 1.9473811354894304e-07 1.6208021450092265e-07 7.885023963569288e-06 4.340815825617737e-06 7.21142532278788e-07 1.8122637361127921e-06 1.7713397436715808e-06 1.2119045532203898e-05 9.756146755242704e-07 5.1958473420000985e-06 2.971178215656389e-07 2.1873762929044956e-06 2.0699698076671997e-06 1.3550956437891956e-06 4.370059153833527e-06 6.129842760307519e-07 5.011903962378773e-06 9.03527748451397e-07 2.0864430332599914e-06 2.4035206564744385e-07 2.499787532275545e-06
8.136052051807662e-05 0.001043949035466655 2.682431207941333e-06 3.3873022374534465e-06 0.0013573445912261253 -0.0005251907805849854 -2.6682776815563412e-05 0.00010932452952454391 5.645664324327763e-05 0.0010737159554898047 -7.150385884910749e-07 -3.037352234271785e-05 2.739757559284113e-06 6.0623121888475284e-05 0.00014073040288675498 -3.160453925329473e-07 2.1751573087239104e-06 1.1715898376612848e-06 6.34696062106999e-06 6.271379699624549e-08 6.45627552139572e-06 8.046816792885518e-07 1.240202617132912e-05 8.225288721091447e-07 6.442788406952076e-06 1.8361046280830824e-07 1.4657448056989665e-07 7.687837110401821e-06 4.098610036061083e-06 6.640507959080348e-07 1.724463907026726e-06 1.6696215819283503e-06 1.161070927837796e-05 9.030444693755243e-07 4.965280732134963e-06 2.7107562955629624e-07 2.11597277016374e-06 1.981443070592133e-06 1.230343798753573e-06 4.116323148818185e-06 5.482682291703806e-07 4.75985384814658e-06 8.094656129168328e-07 1.961786678543498e-06 2.2648792877629382e-07 2.3928224079876525e-06
6.867692431577217e-05 0.0009276675587121105 1.985929204491653e-06 2.803863129314047e-06 0.0012881744921832443 -0.00044763221883043636 -2.1502187346518367e-05 8.895546247255894e-05 4.351093215886392e-05 0.0009280787095289356 6.46551208466367e-07 -2.261175403111171e-06 1.5582864846582935e-06 4.186256792165531e-05 0.00012659314846158576 2.08711112460884e-06 -4.521644219025482e-06 3.364058028748401e-07 3.479737314898797e-06 6.316698443478113e-07 2.6878741230102666e-07 2.836479528143609e-07 1.1672894271285327e-05 7.735483713701168e-07 6.136692708331977e-06 1.744679242149954e-07 1.3998067217492e-07 7.463310978880544e-06 3.892375155387143e-06 6.300912709761431e-07 1.6444039653968027e-06 1.5698025325843675e-06 1.1162831315097321e-05 8.613609007653222e-07 4.7382187805971546e-06 2.6541009071688353e-07 2.0376579023069956e-06 1.920777792117505e-06 1.2499509153375581e-06 3.9470130427909705e-06 5.621490745880758e-07 4.646361151530149e-06 9.158197028520964e-07 1.8722991676795524e-06 2.1878433774112896e-07 2.337519921216321e-06
0.0002902392574278407 0.004198242272005343 9.580526087858084e-06 1.3073430839510513e-05 0.006122438518414261 -0.0019060815125182976 -8.996133249789804e-05 0.00039611831330218394 0.0001902878035501895 0.0040218522749592076 5.292939664573596e-06 0.00013687641282843053 9.078461485674929e-06 0.00019481446975337283 0.0005730401509220375 -3.029177169029867e-07 2.385105583114416e-06 5.386472869854625e-09 -8.292744570899463e-06 1.9991592928080936e-06 1.4264375681567443e-05 2.481238748091111e-06 5.85854709709031e-05 1.6369818238990738e-06 1.3202019867969063e-05 3.78343723460483e-07 2.9956691089952505e-07 1.624639444678712e-05 8.482764701557235e-06 1.3504944446351506e-06 3.642601283766933e-06 3.4483330805087295e-06 2.4206643945272412e-05 1.8462037138533972e-06 1.035818678373873e-05 5.540421852288316e-07 4.45572993145637e-06 4.181553050365007e-06 2.5540572204218297e-06 8.668046400939039e-06 1.1784444730877084e-06 1.016584814467146e-05 1.7125865004162014e-06 4.059143375881936e-06 4.740276151813571e-07 5.109624217858981e-06
0.0002435116966797593 0.0037201638533574163 8.046103907155341e-06 1.142090478654577e-05 0.005739729998870399 -0.0016307633804720119 -7.281892931526215e-05 0.0003304677476777273 0.00015414980527854907 0.0034776000029894004 8.068778126810408e-06 0.00019865575274431455 7.798084572520996e-06 0.00015383737843857704 0.0005078422601015267 1.9953009954167924e-06 -6.0734292739883536e-06 1.8250800354053372e-06 1.6703221511175145e-05 1.766307765420165e-06 1.3800958760326512e-05 2.0656726078816997e-06 5.180949819237422e-05 1.5220006026258968e-06 1.2534183763589005e-05 3.5430903641278843e-07 2.8356761245462377e-07 1.564651799901227e-05 8.033838890232374e-06 1.2620124545461853e-06 3.4631386864902765e-06 3.2571239307980443e-06 2.3161556367559077e-05 1.7479787088424972e-06 9.896542579962079e-06 5.222747193406059e-07 4.283526497237098e-06 4.033970590265838e-06 2.359292073894343e-06 8.1751287381685e-06 1.092610719452725e-06 9.799539177706713e-06 1.5679039358897232e-06 3.856852864044931e-06 4.524810181474254e-07 4.921808400104755e-06
0.00045366335482546164 0.007594132876401603 1.274904717946063e-05 2.1279170491883595e-05 0.012891072147452253 -0.0031621346293715753 -0.0001277874353834079 0.0006225156718121344 0.00028048005024787015 0.006752948113198607 2.5059978204741342e-05 0.0006036143123023762 1.1622922611493815e-05 0.0002753124101446221 0.00105341773169566 -4.857147851672463e-06 1.124071579216609e-05 3.0796552051531435e-06 2.5236883338307106e-05 5.741147908374408e-06 2.8160771196350122e-05 4.215997058066741e-06 0.00011135686741613406 2.123535960986537e-06 1.8113383228436836e-05 4.998912016771304e-07 3.942503508187441e-07 2.3272841355968345e-05 1.1426001909465567e-05 1.774644181413246e-06 4.972618319778596e-06 4.652389466870908e-06 3.400508174035748e-05 2.525836591303465e-06 1.4426913146929306e-05 7.207007626856627e-07 6.253582768411469e-06 5.9402177556388285e-06 3.3823160197699144e-06 1.1831545473566834e-05 1.5815998534444547e-06 1.4428063687715801e-05 2.2939780229339513e-06 5.514709207413921e-06 6.64220900475907e-07 7.303398961952644e-06
0.0002955874560423338 0.005751179080150308 7.681144231570273e-06 1.434079332770918e-05 0.011317259602775383 -0.002157602171381061 -7.54654967203464e-05 0.00040669750749425357 0.00016083382836275565 0.0045716495891013785 2.411610125975824e-05 0.0007221581613630118 6.7062221530543775e-06 0.00015959054926339503 0.0008011459939593696 3.826849259045135e-06 1.0971539864071445e-05 1.024068501622189e-06 6.01700051758456e-05 2.998051512667023e-06 1.4237767248504646e-05 2.8342638939902987e-06 0.00010244229694030686 1.7845248006831187e-06 1.6051964010632543e-05 4.330040432795451e-07 3.426688952785615e-07 2.158202055564e-05 1.0074511545110039e-05 1.5176721436592624e-06 4.42949650812182e-06 4.126261872464081e-06 3.082496643793822e-05 2.210283096937436e-06 1.301276944478408e-05 6.130652229056346e-07 5.718474985148692e-06 5.435928047549169e-06 2.9666401001820857e-06 1.049340204677182e-05 1.3857180697075628e-06 1.32128345281487e-05 2.081256592485994e-06 4.9043490707354644e-06 5.902836706803701e-07 6.7273262122178625e-06
0.0001960478194644315 0.004402997226249159 4.286331486811349e-06 1.0532905371571505e-05 0.009925522680139057 -0.0015127878499211359 -4.5686812975108934e-05 0.0002727825125271653 9.768058030571146e-05 0.00311388968464558 2.098416498216554e-05 0.0006949926575982514 3.680436817762091e-06 9.811593483497647e-05 0.0006317533021447947 -1.1468837457005003e-06 8.130435406611944e-06 -2.2378494906564088e-06 9.857924282274224e-06 6.401114125279377e-06 9.395971149637632e-06 2.151766978258354e-06 9.409727988350585e-05 1.5180012048059515e-06 1.4263181242400527e-05 3.903975671871831e-07 3.1490565623644726e-07 2.0043011203153566e-05 8.87142681206981e-06 1.317796620703442e-06 3.96356144601073e-06 3.759524177238048e-06 2.8039866947035588e-05 1.958509566351202e-06 1.1723634497453006e-05 5.763617329389034e-07 5.213715606706981e-06 5.013874677238483e-06 2.6244757666617576e-06 9.366162780988533e-06 1.2639411033088706e-06 1.2217453609631528e-05 1.8612485262416106e-06 4.390832374465481e-06 5.34479627605218e-07 6.246083532093781e-06
0.00013903070691561584 0.003375856357718615 3.3851093341270174e-06 6.761298346769027e-06 0.008725891905963708 -0.0010905480002245834 -3.4487509088343174e-05 0.00019392445346614256 5.95325224312713e-05 0.0019961448360773905 1.3553227473943813e-05 0.0006445076327238234 2.0940612865810925e-06 5.874018151386735e-05 0.00048702151989725255 2.5057046328366596e-06 -1.5644406965954417e-05 6.845224851643143e-07 -4.117948159787822e-06 4.285700437884124e-06 1.0376589873593474e-06 2.9038286637955316e-06 8.329990305575605e-05 1.3138762040889797e-06 1.2721725125183915e-05 3.515284422612524e-07 2.8171081404282327e-07 1.86226061602758e-05 7.909131143186195e-06 1.161770550169603e-06 3.5499036317521418e-06 3.3436558766288147e-06 2.5517216263824502e-05 1.7073596571429546e-06 1.0659468371018743e-05 5.36807828953541e-07 4.794220602505457e-06 4.566197048379992e-06 2.316074116195102e-06 8.333483269830888e-06 1.1143349655332921e-06 1.122726299310174e-05 1.6423508250646688e-06 3.9301594878572035e-06 4.777706784411677e-07 5.728358148781154e-06
9.756124449459507e-05 0.002627349085226962 2.0123506728120333e-06 5.242865242357582e-06 0.007638621743861238 -0.0007831364352900675 -2.122771564645633e-05 0.00013512043365369717 4.1946523494087456e-05 0.001317855791210534 1.2496372841531239e-05 0.000577319215578166 1.8843894560825755e-06 3.334119241103871e-05 0.0003858113882398659 -1.1523380311936082e-06 3.9698401541199105e-06 1.853590679468934e-06 2.8340028890883392e-05 3.6715986312203356e-06 7.07090729406817e-06 1.6476268644058753e-06 6.557979562826968e-05 1.1373919684719312e-06 1.138061165535015e-05 3.059677357946492e-07 2.4789063405884963e-07 1.7276065367301702e-05 7.06768180276095e-06 1.0223542481178017e-06 3.1926428735305244e-06 2.993205211314273e-06 2.327718968073612e-05 1.5409093729593676e-06 9.686862365211684e-06 4.602658062226794e-07 4.3965112703740055e-06 4.21836419479938e-06 2.0876989441478953e-06 7.5294852790738665e-06 1.0037817556071403e-06 1.03371598950565e-05 1.566181978732539e-06 3.5146880185642603e-06 4.310551376753209e-07 5.29349445485637e-06
7.115905419023989e-05 0.0020574566367684826 8.377425670026874e-07 3.988614452078135e-06 0.006755301925501681 -0.0005644281932161621 -1.3653837051630347e-05 9.399373470237882e-05 2.498271815060653e-05 0.0008424626376829489 9.011212920674353e-06 0.0005006254611989679 9.18374158677675e-07 2.2595460663415454e-05 0.00030969473978554587 1.8848408526682488e-06 3.866699749981052e-06 6.232909866887237e-07 9.999560161163274e-06 -3.6813966050735e-07 4.439819552319078e-06 1.6138925569266172e-06 5.891111185980179e-05 9.781288304624978e-07 1.0245629096215262e-05 2.7505576039990675e-07 2.2629008451990984e-07 1.6118334722574314e-05 6.341115351843685e-06 8.944129998295449e-07 2.8531265402512994e-06 2.688318453969568e-06 2.1330245741464765e-05 1.3824740698284107e-06 8.945990839838835e-06 4.3137509897203494e-07 4.045364481460462e-06 3.913045347432253e-06 1.8550528566070242e-06 6.739373635404789e-06 9.015404262860389e-07 9.590485772884631e-06 1.3592635125283762e-06 3.131930282707812e-06 3.86554768894579e-07 4.927561867224889e-06
4.912843995687897e-05 0.0016049992239285825 1.2439189800858469e-06 2.460537168294729e-06 0.005957911432831194 -0.00041285275142708826 -1.0236221304329935e-05 7.091583273126755e-05 1.2446735739903755e-05 0.00047115917967414586 8.235218915256692e-06 0.0004589047078941383 2.8079534361579297e-07 2.4095053980637954e-06 0.0002428595764252194 1.2907594560410928e-06 -1.7315218940856468e-06 4.73270139741565e-07 2.8653094929739867e-06 3.2857722175382376e-06 -1.4053052946177588e-06 1.5227350078211934e-06 5.550614668888464e-05 8.376825222898123e-07 9.176063931404504e-06 2.447748544944479e-07 1.967716096643022e-07 1.5024964614291269e-05 5.66920496423741e-06 7.743214011419413e-07 2.573187484130944e-06 2.4319339094228164e-06 1.955661034073447e-05 1.2302749821178523e-06 8.138598854849625e-06 3.8031371807781473e-07 3.745662104795404e-06 3.5949864726607826e-06 1.6397974840635621e-06 6.07928758043081e-06 8.177588498006478e-07 8.868426696240448e-06 1.246060155928355e-06 2.8839022068655014e-06 3.4774984713351855e-07 4.5201432037474094e-06
6.412721538316943e-05 0.002308792311064113 1.3469821985269538e-06 2.976127907174318e-06 0.010035164280931918 -0.000554605881030042 -1.3503516384787989e-05 9.147843796125948e-05 7.963192227593906e-06 0.0002907192212540812 9.93620396280013e-06 0.0006787224163995108 1.4483091704999098e-07 1.7806061305442275e-05 0.00036299170584734515 1.578446699287771e-06 -3.343972221706715e-06 -4.9252491333030284e-08 -2.4652205089211377e-06 2.6530395412747665e-06 2.5720954964495484e-06 2.119672576347256e-06 9.3528025894131e-05 9.908628044289717e-07 1.1198001734490086e-05 2.971897616544055e-07 2.257150402090795e-07 1.9286153545418918e-05 6.910392748062925e-06 9.369625961727335e-07 3.1557148285737963e-06 2.972725517159206e-06 2.458808082764651e-05 1.4575643471739977e-06 1.0276984341111668e-05 4.503562086256466e-07 4.742147779397679e-06 4.533039102734828e-06 1.980228477902257e-06 7.362063647514947e-06 9.624162593067838e-07 1.1263652359863966e-05 1.4888178154098235e-06 3.4273226517251715e-06 4.1187539390445667e-07 5.797248977237201e-06
3.706069594770807e-05 0.0014528689875055467 7.978728203365628e-07 1.5258922011058879e-06 0.007956603095150522 -0.00030054916435489417 -8.054223338712778e-06 4.57720361832121e-05 -2.391518975486046e-06 -0.00016021999183082056 5.693781187680093e-06 0.0004926030465407687 -4.319739310258738e-07 -8.638457891494475e-07 0.00023862913241178032 2.1663139571109885e-06 4.890937926385486e-06 1.0169688376777431e-06 1.0811942421261423e-05 2.7947145789824386e-06 -7.844753922791803e-07 1.8618295703264724e-06 6.86487662997364e-05 7.907287227208566e-07 9.232643688457591e-06 2.428388647951528e-07 1.9775521480262692e-07 1.695224905986006e-05 5.691781529614324e-06 7.623258888559283e-07 2.587623991191194e-06 2.4148205257978787e-06 2.0986105436326176e-05 1.2310442731729297e-06 8.919622997362351e-06 3.768748276199169e-07 4.13080653530035e-06 3.974363486928263e-06 1.6477700875694977e-06 6.051128808771504e-06 8.268785457797837e-07 9.866205738099492e-06 1.2429835149947008e-06 2.75886701180802e-06 3.38644160881137e-07 5.070919519344591e-06
2.2686366023983644e-05 0.0009317464637719088 8.571036190986603e-07 1.6899173546460663e-06 0.006302583394384028 -0.00018172399274453768 -5.257909253427429e-06 2.819352300530237e-05 1.5697793596114978e-06 -0.0003204227383189607 1.6673169693742646e-06 0.00035317872778589156 6.832099326721879e-07 -5.804957213765226e-06 0.00016796838720950613 2.203335079601759e-06 -4.4341913638929785e-06 -3.281075739076606e-07 1.0148761752948824e-05 -3.3693875393789076e-07 -2.653613905696167e-06 6.293751775997867e-07 5.556574997541911e-05 6.85547055434693e-07 7.646182033475046e-06 2.2176716969169288e-07 2.1371844745940302e-07 1.496213963778742e-05 4.770678229171749e-06 7.080642333771026e-07 2.1937871827490367e-06 2.1240342420863468e-06 1.8044510374813323e-05 1.1182900132445901e-06 7.683589150664282e-06 3.891021518266518e-07 3.619323903922443e-06 3.5470098553586015e-06 1.3674136800282751e-06 5.054652597314104e-06 7.402642397146188e-07 8.557472369304174e-06 1.051924460099092e-06 2.3464567009764612e-06 3.3077876011185383e-07 4.436487823016301e-06
1.1570300790956683e-05 0.0006352956594519879 1.4495573597302217e-07 5.772250234950849e-07 0.005081090452955465 -0.00010948888973936649 -1.0879860512935432e-06 1.2264145776511776e-05 -3.4454592170532966e-06 -0.00037053236972574863 2.3778256836174455e-06 0.00026080351368174334 4.838306064084196e-08 -1.1000672845319216e-06 0.00011466586815289289 2.999777266955443e-06 -1.1161340897426248e-05 8.271714519646985e-07 1.2730847723246067e-05 2.1630805919835608e-06 -4.560013159889477e-06 8.08505830137531e-07 4.7372959811913555e-05 5.982462374645776e-07 6.423743073320336e-06 2.0034462324153798e-07 1.7511882192686269e-07 1.331116131664592e-05 4.046935597678412e-06 6.323506564291658e-07 1.9089820117980163e-06 1.7850564040359802e-06 1.573903743905703e-05 9.431677384670064e-07 6.715913722435022e-06 3.5474337274697746e-07 3.1930193723320637e-06 3.1006067445897275e-06 1.1735897818996965e-06 4.317388649745997e-06 6.148835767204284e-07 7.553222160465371e-06 8.738436619522191e-07 1.961064126561971e-06 2.5833983434375996e-07 3.861594479949549e-06
6.359456056980599e-06 0.00043099563152740127 5.283136075206128e-08 3.484933001431884e-07 0.004079702796913795 -7.102326836750326e-05 5.356380454390726e-08 9.433091161915252e-06 -3.5794835449866212e-06 -0.000375158327450404 2.0378291645369894e-06 0.0001926046947837629 -2.584819794300245e-07 -1.987977308088062e-06 8.653121675523463e-05 1.5824402854205804e-06 -6.325614558391063e-06 -1.3278098469674484e-06 -3.476892206011755e-06 2.8948777366939463e-06 -6.510467674185875e-06 -1.7197628394359264e-07 4.0111568255760856e-05 5.471387382083024e-07 5.415169312886616e-06 1.7447002697377233e-07 1.587890086326772e-07 1.1850988831407466e-05 3.5464787437983225e-06 5.857133600817256e-07 1.6579286798461315e-06 1.570461904407651e-06 1.3779776161963068e-05 8.853467376347978e-07 5.9859805075632825e-06 3.009116978513103e-07 2.8176043261945713e-06 2.74250841006079e-06 1.1512374263383256e-06 3.870110708681897e-06 5.601066131224171e-07 6.750527841677582e-06 8.511301937087997e-07 1.731549286990501e-06 2.441253559923984e-07 3.4469428494180822e-06
7.12378058250656e-06 0.0005030051799798622 -2.8457223519403442e-08 3.601471073075648e-07 0.005880115037872296 -6.47503300235038e-05 -7.395478610854404e-08 5.022876503957028e-06 -6.728646014953047e-06 -0.0005869884399544757 1.6343548631193074e-06 0.00024389296067703838 6.642189411611859e-08 -6.284722777916585e-06 9.92393991545671e-05 2.210749716171597e-07 2.480246008268753e-06 -8.759363676774925e-08 6.905234416129981e-06 3.0878510563853857e-07 -3.447462406194473e-06 2.659721678630522e-07 4.639725723144218e-05 5.328293934974905e-07 6.0415074536908065e-06 1.848416122362588e-07 1.7733484100628673e-07 1.4091236270709973e-05 3.815803610340094e-06 5.776741639149113e-07 1.8053659108374783e-06 1.7150349470612703e-06 1.5954084336294126e-05 9.153891436307221e-07 6.912740326757088e-06 3.4198684858045586e-07 3.282403523021736e-06 3.2208603381272776e-06 1.1621921998327192e-06 4.180800600705729e-06 6.423616776878706e-07 7.956570032212675e-06 8.954250163883771e-07 1.897497260517409e-06 2.6690788464158765e-07 4.118533927317408e-06
2.484496494331524e-06 0.00023714522533266 1.3961474374292928e-07 3.687630700009123e-07 0.003739333524296137 -2.6323234666338826e-05 8.628620761177535e-08 1.4754911833398842e-06 -3.0361559359068108e-06 -0.0004680644686341984 1.2807832451079511e-06 0.0001291005162497967 1.7647379883074427e-07 -1.185643855440518e-06 5.6041142885279754e-05 1.3315081888244782e-07 2.8113598509099172e-06 3.9778685472886395e-08 7.80000482416084e-06 1.3558253514092945e-06 -2.442952989814537e-06 6.719546186460256e-08 2.5510786679029984e-05 4.612463493092964e-07 4.462059614921004e-06 1.5768034101972249e-07 1.4875359241530723e-07 1.1147350253641347e-05 2.954714628848935e-06 5.324175720695179e-07 1.424599787807357e-06 1.355891430417096e-06 1.2341530429687142e-05 7.852636791476186e-07 5.520298399911051e-06 2.7773648317920316e-07 2.618850782768452e-06 2.5874750559632573e-06 1.004388306558917e-06 3.2840557658494508e-06 5.556091132246356e-07 6.3054006228581966e-06 7.671138646501259e-07 1.454568453360391e-06 2.1697142389222553e-07 3.233377520054427e-06
2.9206686027390893e-06 0.0002391540825535675 4.50977111955757e-08 3.4526123789523195e-09 0.007479005908777325 -1.8723472658836912e-05 -5.094040784954141e-07 -1.4023339318953958e-06 -7.513742970790556e-06 -0.0008632984050553609 2.2250487128357348e-06 0.00015557760387541973 -4.395114077558736e-07 3.922925724052783e-06 6.153922806108088e-05 1.2620999633868312e-06 -5.156212074961947e-06 7.713824319072597e-07 1.2837882363693801e-05 -1.9582221877274981e-07 -2.3501360794035636e-06 3.0882781519134564e-09 2.4760909844452675e-05 4.989016110543865e-07 4.922959254609038e-06 1.7943965068079032e-07 1.8221132394409313e-07 1.544687918604051e-05 3.3157351625467303e-06 5.929562762190903e-07 1.5735227230160185e-06 1.5742978763418026e-06 1.6288959419114515e-05 9.226185876890617e-07 7.426024552775342e-06 3.3584262149840647e-07 3.478053991058097e-06 3.434542324310082e-06 1.1297332816317886e-06 3.6605460452896895e-06 5.853955054915946e-07 8.398458324136123e-06 8.488361783314149e-07 1.595962491366428e-06 2.9365878767504147e-07 4.406739324162812e-06